20 22
62 63
19 62
92 20
90 106
62 107
127 128
127 129
127 130
40 26
56 55
22 20
150 103
151 28
84 162
164 139
165 166
129 183
70 186
106 187
191 157
106 189
56 58
30 36
74 1
74 219
74 215
74 221
74 223
74 18
74 225
74 227
230 20
231 232
248 74
106 62
106 249
175 252
232 231
183 198
183 258
269 45
129 270
129 278
285 286
258 183
162 288
162 84
189 106
74 248
62 300
252 166
92 22
252 288
252 58
252 175
252 48
236 238
236 244
167 18
322 45
215 295
11 324
18 62
191 149
191 262
191 343
191 345
191 347
191 349
191 351
191 231
191 278
191 130
191 179
353 185
114 361
232 103
244 236
114 129
62 18
252 105
153 62
363 283
363 161
363 106
363 236
363 365
363 249
114 318
105 252
165 28
165 114
187 329
187 106
252 89
252 369
236 363
40 370
238 236
353 371
288 162
55 58
62 153
58 208
62 340
22 92
58 162
295 379
295 103
295 381
295 383
295 283
295 157
295 385
295 387
295 389
295 391
295 393
295 395
295 397
295 377
295 368
295 60
295 150
295 320
103 377
157 395
114 365
183 303
377 103
410 329
132 411
114 340
183 129
63 3
63 62
157 191
3 63
258 329
267 19
327 416
419 290
249 105
38 26
38 40
329 187
329 410
231 172
270 129
132 285
179 157
424 45
105 249
441 360
139 129
139 445
414 449
55 56
324 11
363 154
19 267
288 84
437 135
135 437
248 142
458 129
139 164
62 283
107 114
406 11
40 48
238 244
260 74
139 429
461 45
244 238
62 441
142 187
26 38
26 40
265 19
170 470
393 379
393 103
393 381
393 385
393 395
393 397
393 377
393 368
393 60
393 150
393 320
393 295
471 472
470 170
258 62
166 424
381 320
267 265
320 381
106 44
166 165
165 337
165 361
165 30
165 116
165 135
106 42
387 295
62 474
62 258
303 183
172 93
150 393
290 484
100 429
429 164
429 447
164 429
340 114
63 371
63 363
170 485
309 215
258 474
20 230
329 357
329 478
329 90
36 129
187 142
19 161
249 62
81 107
81 62
311 215
491 167
429 139
363 63
162 492
62 81
450 458
494 83
210 159
309 74
309 223
107 161
379 157
198 183
83 496
497 78
36 28
68 62
28 36
198 387
499 44
499 501
499 503
499 406
499 505
499 358
265 267
62 30
62 128
89 469
128 62
19 265
485 170
260 248
129 114
129 365
249 129
411 132
42 74
154 363
283 62
521 340
58 252
377 368
377 150
74 42
157 6
103 526
183 365
44 365
283 365
183 106
150 377
6 157
30 62
300 107
107 300
105 393
105 493
150 368
249 363
269 288
329 474
92 100
175 532
252 408
252 132
89 474
252 269
100 92
300 62
89 437
370 40
539 78
447 139
474 329
322 139
303 62
340 521
288 252
249 42
249 106
542 183
542 399
542 419
542 544
542 458
542 403
42 249
42 183
42 81
84 288
288 70
175 288
258 402
62 170
62 329
423 76
474 478
474 110
283 107
283 142
544 542
421 529
170 548
421 496
387 198
89 303
240 210
526 103
45 461
496 421
496 529
335 322
32 26
210 240
167 51
179 381
324 555
157 377
370 38
62 114
62 365
153 107
458 542
28 114
28 165
114 283
114 63
114 62
58 55
58 56
114 28
114 165
116 361
377 157
167 351
351 167
107 62
62 106
62 249
285 208
6 327
327 6
322 335
322 273
6 379
6 489
48 252
372 433
372 83
419 542
529 421
40 28
40 30
40 34
40 38
395 157
62 70
3 408
450 172
379 6
290 567
129 450
569 360
569 161
569 452
132 62
478 474
377 60
450 129
371 63
159 210
159 234
159 238
159 240
159 236
159 242
159 244
541 150
361 443
361 114
303 89
58 63
285 552
62 132
493 129
234 210
234 236
60 377
142 576
129 172
450 142
232 53
129 493
172 129
74 311
582 62
103 232
249 283
114 371
62 582
273 269
391 368
114 78
429 269
377 295
484 290
329 208
106 20
450 542
232 60
554 419
335 139
419 554
335 269
51 232
38 443
60 232
114 208
232 51
81 509
62 45
262 215
372 431
372 70
45 269
447 269
593 51
474 258
335 164
157 379
157 397
142 450
416 327
62 28
183 63
236 159
419 450
592 269
90 474
139 269
322 269
318 127
252 303
32 30
142 283
62 78
179 377
105 569
127 318
210 371
107 81
381 179
370 48
48 40
489 6
569 105
55 107
164 335
70 433
90 62
105 283
433 70
357 107
357 474
371 114
283 105
371 210
433 288
107 283
433 372
3 58
433 162
433 84
191 6
230 62
353 100
450 340
19 513
129 458
424 139
138 58
128 51
175 3
166 283
204 377
258 469
132 166
83 372
83 283
469 258
81 189
83 166
83 601
45 371
414 603
83 494
83 154
83 107
83 424
83 62
58 552
83 84
105 533
393 154
393 162
62 445
166 132
349 402
607 249
320 351
249 607
513 19
351 320
363 165
34 38
34 40
410 258
114 48
613 614
258 410
288 433
132 283
269 139
62 230
103 283
461 139
286 58
58 195
105 142
56 303
56 89
56 619
261 32
195 58
273 322
232 368
559 166
303 56
303 619
195 6
554 535
129 128
129 585
170 116
521 554
185 353
6 195
20 106
129 572
554 521
162 532
329 62
36 30
105 161
105 363
105 351
105 236
116 170
63 58
63 208
128 129
63 175
63 625
114 105
63 56
114 210
114 3
114 278
249 424
395 295
210 236
371 129
56 63
283 103
303 285
303 210
303 371
303 286
303 63
320 628
62 303
42 560
40 32
142 183
285 303
60 150
409 118
129 371
560 42
70 288
154 62
363 329
363 28
363 303
363 210
363 371
363 81
363 351
363 129
107 357
183 19
429 45
53 397
397 53
28 365
329 129
385 295
329 258
127 20
560 106
258 107
81 329
18 223
103 582
48 114
269 273
269 164
172 62
638 639
638 124
638 640
638 55
638 210
249 441
210 303
526 403
638 300
638 340
492 186
129 329
638 329
638 81
638 480
132 6
105 42
84 83
165 129
83 431
19 441
42 329
42 474
330 223
393 105
393 83
393 643
81 42
11 406
170 165
379 389
329 81
329 42
357 258
249 81
447 429
129 249
240 236
581 139
478 357
644 489
320 379
183 187
19 183
283 132
6 132
103 295
62 68
129 343
129 130
183 44
165 443
165 261
474 357
11 159
385 387
408 3
340 74
650 215
167 53
44 183
526 290
379 397
139 581
165 339
231 290
419 652
129 290
74 260
40 547
349 191
81 460
295 18
81 106
28 62
474 62
81 249
460 81
187 189
533 285
139 447
285 533
150 60
18 103
18 295
318 48
262 656
269 657
84 433
84 70
225 311
223 74
343 278
128 28
129 42
51 593
129 165
278 343
28 128
63 286
44 19
286 303
58 62
652 419
63 408
223 18
452 573
116 339
63 303
3 303
260 325
548 170
159 631
215 650
494 107
62 58
105 269
58 286
547 40
236 210
230 107
547 370
139 461
45 322
3 56
3 286
56 3
363 215
408 63
42 44
107 474
474 128
371 303
128 593
161 569
170 437
170 135
170 339
452 569
53 232
666 452
157 345
157 351
377 572
377 593
377 204
377 320
408 516
460 467
187 671
62 183
114 183
238 159
671 187
128 474
474 166
467 460
371 128
183 62
183 114
128 371
210 283
210 365
480 106
371 360
63 285
249 210
286 63
56 286
286 3
467 20
290 572
494 510
215 311
494 283
569 358
389 295
283 166
572 290
283 210
62 172
290 198
608 267
516 408
62 458
106 671
377 351
377 179
269 303
269 210
269 371
269 63
269 236
234 242
458 62
236 269
560 20
377 1
232 204
129 93
63 269
11 161
204 232
167 204
210 62
63 532
185 533
58 285
210 269
343 191
542 129
666 62
129 542
267 608
179 191
42 187
231 191
458 450
408 285
285 408
285 63
285 532
351 345
24 40
106 365
345 351
195 63
581 51
128 114
494 128
106 340
107 687
309 221
107 258
142 210
142 236
63 195
351 191
191 682
106 690
363 114
429 100
397 295
63 132
419 329
114 363
60 179
329 419
340 78
132 63
286 285
11 608
48 361
48 443
48 76
48 485
48 423
48 547
695 607
695 189
695 227
695 315
695 317
695 106
695 20
56 532
387 385
269 365
186 165
491 695
424 283
411 58
351 377
165 186
151 34
667 550
667 161
667 128
351 179
51 581
249 128
357 62
165 128
179 351
698 285
290 231
128 165
60 103
157 179
258 357
474 419
26 24
541 162
249 365
419 474
19 666
107 153
107 671
107 295
107 45
107 249
497 562
562 497
62 410
6 516
516 6
351 157
535 554
48 643
42 106
494 318
38 370
107 230
170 107
269 533
290 329
290 357
357 290
273 139
242 234
409 90
340 598
340 554
40 24
42 129
42 128
42 215
183 353
340 371
103 393
353 183
467 62
186 70
397 320
236 234
494 395
128 42
424 74
521 598
165 409
409 165
62 467
58 84
162 541
371 340
598 340
215 42
84 58
429 592
339 165
592 429
42 493
286 138
83 285
283 83
320 389
320 393
320 397
337 135
38 547
38 48
285 132
127 189
60 219
58 107
593 377
107 58
84 110
84 142
142 248
340 62
58 154
484 83
128 167
129 62
129 526
129 426
129 53
129 232
129 403
129 292
403 129
526 129
372 107
408 130
53 129
395 389
395 379
278 183
379 395
516 411
55 718
55 208
172 130
42 667
42 20
331 166
244 234
550 81
81 550
474 494
292 62
494 474
105 83
48 229
361 116
107 532
542 450
526 576
3 236
229 48
393 387
393 389
393 391
340 107
107 340
83 105
499 182
262 402
327 325
461 447
461 429
287 189
20 62
608 720
493 172
493 450
493 93
493 458
458 493
34 361
361 34
215 223
138 286
450 493
103 368
62 151
20 92
8 510
90 329
36 165
234 269
114 423
74 317
165 725
165 34
165 38
329 363
58 175
248 696
285 58
114 547
114 339
494 377
424 429
510 8
128 283
128 365
6 408
76 48
60 172
60 167
60 231
210 363
167 60
165 547
20 11
533 58
371 100
569 44
231 60
105 154
236 3
242 210
172 450
210 242
667 6
6 667
164 269
58 408
295 215
283 288
288 283
154 105
154 533
690 189
283 106
408 6
11 20
258 105
258 365
547 339
393 533
419 78
533 393
167 491
249 569
22 258
183 357
491 127
153 142
100 371
258 22
18 221
397 379
713 81
569 249
478 424
165 36
560 84
129 63
389 379
63 129
84 560
385 377
377 219
377 167
377 450
377 402
377 129
377 468
357 329
128 526
593 128
526 128
480 166
170 36
62 554
215 1
215 74
215 309
215 248
215 313
215 227
183 329
484 572
303 369
329 183
81 161
11 421
74 309
166 44
18 167
283 303
424 81
283 372
393 157
406 44
406 503
406 505
406 358
135 116
60 283
116 135
6 397
142 74
112 357
76 485
493 399
485 76
493 270
493 290
283 60
165 340
232 219
741 179
179 345
166 742
81 105
743 516
159 11
369 303
172 219
395 494
516 743
44 161
411 285
44 106
249 44
377 385
249 183
44 249
423 114
107 100
643 48
183 249
107 128
234 159
234 238
234 240
234 639
234 244
128 215
167 377
370 547
249 371
249 493
325 327
424 474
493 403
198 229
100 107
283 601
320 377
215 128
44 406
132 424
200 204
68 20
106 582
399 493
419 493
371 249
93 172
329 290
183 655
493 419
179 149
63 236
183 286
183 478
183 81
165 437
63 89
62 90
361 370
361 318
361 547
48 318
58 105
20 68
738 55
6 411
11 270
371 106
6 234
526 399
93 129
30 28
385 395
435 647
435 127
395 385
261 30
89 252
397 6
698 58
370 361
42 105
339 361
339 547
234 6
619 613
300 419
89 63
116 337
337 116
283 215
283 389
283 395
283 377
283 368
283 295
283 494
283 752
44 358
249 153
129 714
51 128
397 157
114 443
114 76
114 485
358 406
24 494
183 223
107 170
183 142
461 533
159 89
337 170
720 608
720 555
720 324
106 1
170 337
478 329
377 526
377 548
377 491
377 292
474 90
8 358
480 92
340 165
292 377
714 129
172 493
172 128
172 351
582 189
28 30
93 183
377 379
377 381
377 383
377 283
377 387
377 389
377 391
377 393
377 395
377 397
114 106
513 340
208 285
526 377
399 183
138 56
409 51
249 107
210 83
56 138
286 56
424 311
70 62
58 249
175 58
572 484
124 424
409 244
318 114
107 480
183 93
62 480
278 493
738 552
340 339
244 409
3 175
146 187
139 45
106 129
106 81
106 303
478 469
478 110
478 112
478 258
478 90
151 30
469 478
100 98
489 644
98 100
582 106
397 393
258 110
258 112
258 478
258 90
474 469
166 114
151 361
480 494
114 166
469 474
485 423
690 106
58 193
172 403
172 585
172 292
357 81
183 410
193 58
458 623
81 357
81 183
6 349
345 343
666 267
74 690
674 267
467 189
161 267
164 107
164 62
161 19
343 345
424 552
592 461
592 139
592 760
592 335
592 273
592 447
592 164
592 322
322 533
700 267
30 32
552 132
183 172
183 526
183 714
183 450
393 283
107 164
162 393
478 105
565 324
44 324
361 107
128 166
608 406
379 295
324 19
258 559
19 44
166 128
223 105
361 62
335 760
187 183
62 142
493 183
611 292
270 611
283 249
107 329
329 107
516 762
142 667
324 44
166 431
28 363
107 361
68 671
92 287
68 474
210 489
278 129
68 509
489 210
48 105
195 208
210 129
461 624
340 419
265 608
351 363
287 92
385 393
474 513
132 107
351 329
351 161
351 371
351 28
351 303
351 210
351 81
329 351
410 183
286 183
720 11
221 403
437 165
58 411
403 221
329 106
107 106
107 132
62 450
236 240
340 535
103 150
406 501
260 311
135 337
28 351
11 720
450 62
62 236
340 450
215 690
236 62
311 260
690 215
381 60
322 592
447 592
105 48
106 329
164 592
124 45
460 419
340 179
529 441
760 335
60 381
60 295
6 206
614 106
513 92
340 166
92 513
441 529
166 601
11 666
351 283
351 106
351 129
351 365
351 249
360 371
139 592
124 371
303 363
172 655
40 361
51 399
426 130
471 671
84 431
166 107
278 130
63 411
68 667
68 550
491 548
161 363
461 118
105 329
329 105
172 60
44 166
62 769
6 139
435 533
353 124
353 98
353 687
353 770
353 709
371 365
105 183
105 424
106 371
127 105
411 516
6 644
377 231
377 575
494 340
640 124
210 234
467 166
560 775
560 361
560 229
560 48
195 533
225 1
474 249
164 395
249 474
182 379
182 157
320 295
290 62
292 611
370 423
423 370
370 725
40 261
142 353
142 285
358 44
40 151
45 164
644 6
128 200
698 208
615 106
200 128
552 58
408 286
81 671
285 698
318 361
318 443
318 547
318 423
318 76
318 485
84 510
84 601
84 780
84 269
84 474
84 585
585 84
424 44
450 419
74 460
547 340
526 782
107 493
370 318
105 166
105 601
447 335
200 593
335 447
238 234
547 361
107 74
494 484
161 44
22 127
127 22
107 290
408 58
48 36
327 249
397 381
62 290
381 397
70 84
242 159
103 60
340 547
288 105
114 419
484 494
74 107
411 784
83 142
62 83
167 231
231 167
128 107
544 129
185 124
185 98
185 687
185 371
185 640
185 100
185 709
261 116
132 532
419 114
262 191
623 129
166 559
142 172
11 265
63 365
11 555
11 360
265 11
116 261
11 529
11 573
60 320
172 142
139 273
411 6
189 667
189 550
189 215
189 311
189 225
189 671
189 62
666 11
165 151
165 32
165 40
320 60
569 674
63 552
552 285
552 63
552 208
409 278
98 124
162 433
790 544
164 695
249 114
161 666
114 249
249 83
83 249
666 161
114 329
329 114
324 666
445 581
695 164
441 44
409 138
138 409
547 48
499 608
229 28
474 142
474 107
474 186
474 615
377 741
377 106
142 474
157 489
83 269
489 157
83 458
83 292
493 105
493 249
292 83
474 269
167 468
167 749
608 499
655 183
793 206
63 210
369 89
231 292
292 231
447 690
242 106
493 615
493 424
285 426
426 285
409 292
92 260
90 409
81 667
695 597
20 409
671 81
116 165
20 127
290 114
290 6
397 458
114 290
290 107
290 494
63 183
783 669
8 573
285 55
285 738
223 183
223 309
223 560
83 533
83 186
423 485
800 287
800 185
185 800
547 114
361 339
24 261
146 1
541 107
107 769
450 183
357 671
225 189
129 623
573 11
63 128
309 183
183 309
690 74
492 510
360 11
142 62
89 165
58 142
357 112
223 106
640 98
452 360
452 161
249 162
162 249
409 128
409 450
83 288
189 533
535 340
381 377
231 624
288 431
81 365
541 215
258 142
562 426
215 541
28 340
28 129
114 128
187 667
187 550
128 340
223 166
128 63
550 187
339 116
597 695
550 19
62 478
307 347
58 533
478 62
529 11
45 107
19 550
187 166
62 377
550 106
458 397
166 187
295 107
170 151
357 478
329 371
329 63
223 215
38 339
106 550
8 44
187 365
554 340
62 295
44 499
44 501
44 805
44 503
283 162
165 170
339 38
89 552
424 269
377 62
358 573
162 58
409 225
83 492
389 157
424 493
377 172
339 337
339 151
339 443
339 30
339 32
339 725
339 261
339 34
339 40
339 135
497 340
249 63
358 499
358 805
358 503
358 505
142 19
340 497
40 135
135 40
45 445
24 30
640 114
89 806
236 132
63 164
114 640
409 135
285 411
84 166
493 526
493 292
331 358
331 19
19 331
526 493
154 647
3 195
232 320
189 20
189 1
189 377
62 210
135 409
258 421
320 232
372 32
170 62
76 423
285 89
63 324
474 112
56 718
331 225
166 84
265 360
331 223
360 265
269 461
331 295
215 60
461 269
89 285
331 260
107 19
223 331
345 130
360 569
410 62
238 210
44 8
172 526
260 331
493 426
389 385
114 107
340 83
526 172
30 151
229 114
172 714
114 229
225 409
225 331
363 208
172 468
151 261
83 340
62 44
44 62
385 389
249 327
324 63
6 170
377 189
19 510
19 555
674 510
278 611
44 569
288 613
84 624
84 48
84 485
149 157
63 249
329 286
81 225
494 106
494 81
494 480
273 429
493 62
215 221
62 749
613 288
295 331
371 62
533 32
441 105
105 441
107 371
183 107
283 492
429 6
269 429
261 28
409 443
81 494
358 331
698 552
22 686
164 535
83 393
106 74
106 221
441 569
198 165
290 694
569 441
225 283
81 299
409 38
286 532
299 146
170 28
295 276
295 162
146 299
28 170
419 340
58 738
738 58
162 295
387 229
562 200
229 387
307 588
44 573
183 493
62 129
229 30
170 261
118 20
48 151
493 460
74 307
167 206
307 74
83 81
103 179
129 198
283 221
200 562
411 283
83 318
83 114
6 429
725 370
377 149
290 424
460 615
360 19
283 411
738 208
150 397
225 221
116 151
116 329
116 443
116 30
116 128
116 32
116 725
116 34
116 437
116 340
116 40
686 22
419 74
329 652
285 83
246 608
423 303
58 303
132 236
38 409
652 329
300 128
813 450
450 813
74 419
24 28
20 74
106 183
695 365
345 157
48 492
19 142
229 489
221 215
411 698
489 229
74 313
74 468
379 381
379 393
379 320
379 103
379 383
379 283
379 385
379 387
379 391
379 377
379 368
379 60
379 150
48 261
261 48
542 526
309 42
221 283
371 98
615 460
261 151
74 106
107 494
492 48
58 3
58 615
200 51
19 674
229 721
450 611
450 128
450 526
450 544
450 714
541 62
714 450
62 159
159 62
179 103
358 8
107 450
429 124
419 154
105 360
124 429
813 623
360 105
569 739
223 221
105 28
489 365
419 497
419 445
526 542
452 499
231 289
548 1
548 78
548 340
58 138
548 106
548 278
269 592
249 58
460 249
124 592
569 8
499 8
157 381
157 389
157 393
157 320
157 103
157 383
157 283
157 385
157 387
157 368
157 60
157 150
157 295
157 391
98 371
548 377
187 62
62 187
8 569
8 499
452 8
585 493
8 441
368 103
149 191
493 585
135 165
409 581
424 28
441 8
499 529
368 377
28 424
409 624
179 278
278 179
598 521
186 129
345 179
129 186
129 28
81 20
20 81
146 615
221 468
409 447
19 107
172 458
278 351
548 371
593 776
548 129
153 283
142 83
83 106
132 371
429 273
460 170
170 460
248 260
426 92
20 287
371 132
287 20
92 426
424 783
229 513
597 62
28 26
28 721
28 32
28 34
28 38
28 40
28 588
806 285
806 89
738 195
92 11
283 153
81 533
191 365
195 738
337 437
204 51
132 106
11 92
371 51
51 371
533 106
493 611
493 232
221 74
221 223
311 74
273 461
363 128
128 363
107 541
164 322
340 290
411 3
3 411
198 129
370 116
32 361
361 32
497 419
608 529
129 340
100 494
494 100
450 377
371 363
116 370
128 206
206 167
493 694
167 128
290 340
368 320
559 283
814 347
58 132
124 98
124 353
124 640
124 100
124 185
191 283
221 18
424 78
424 445
146 18
269 154
187 363
591 62
445 424
409 325
128 172
721 229
387 368
63 586
408 552
368 387
154 269
32 261
560 496
278 191
424 210
485 114
290 493
496 560
231 377
249 28
493 572
28 249
93 399
260 89
62 591
84 270
84 118
84 372
84 443
84 318
84 105
84 544
84 533
84 112
399 93
822 572
335 592
572 822
565 608
210 45
6 191
231 74
231 262
231 575
74 231
118 84
262 231
157 182
655 172
424 114
62 262
331 340
424 240
223 624
58 210
58 89
58 371
93 128
93 78
93 51
262 62
327 20
368 393
195 3
38 116
215 187
215 560
51 445
116 38
351 278
182 53
183 278
397 389
20 327
53 182
269 105
358 161
135 62
161 358
81 283
345 191
89 62
62 89
6 183
215 283
826 6
6 826
529 720
452 529
74 560
128 93
389 391
389 395
389 182
210 63
720 529
81 424
45 62
128 249
738 698
368 83
487 529
487 421
107 63
142 58
389 60
60 389
283 81
262 179
667 105
30 165
129 611
74 187
114 686
408 138
569 19
129 694
223 330
822 290
426 562
129 615
290 822
783 424
206 51
206 198
206 200
206 128
206 202
206 593
206 204
206 776
686 114
98 62
58 283
283 58
62 98
58 288
441 249
288 58
349 149
349 262
349 179
262 349
249 166
142 84
424 395
480 329
329 480
361 165
370 92
370 26
370 443
370 135
182 389
223 225
68 329
424 509
303 423
452 666
283 424
329 68
18 317
18 696
105 667
26 370
105 474
105 153
393 166
393 433
393 84
493 522
585 544
151 165
295 62
183 695
526 450
424 295
522 493
601 166
183 28
183 128
320 593
424 124
542 172
208 195
81 363
53 231
231 53
62 164
288 19
195 826
533 265
424 357
695 183
393 424
357 424
385 103
83 368
593 320
28 183
370 339
370 151
694 129
146 81
339 370
105 106
103 385
666 19
497 424
170 494
494 68
494 170
424 93
424 497
229 170
447 676
389 377
128 183
164 45
273 447
273 45
533 441
270 28
165 329
424 132
666 441
303 170
593 822
105 431
424 290
426 526
170 303
265 533
63 138
674 19
58 431
393 142
142 393
368 232
368 397
198 258
74 331
221 1
397 368
368 379
667 81
437 361
437 116
6 290
564 208
58 424
833 44
560 74
560 215
424 68
329 28
286 408
68 357
231 249
351 575
68 424
389 393
191 166
778 569
494 601
569 778
146 189
318 107
478 183
339 170
132 552
493 835
837 107
210 208
494 210
286 329
329 210
331 74
107 837
826 195
389 397
322 461
45 838
318 494
381 150
300 124
28 329
318 424
826 586
489 300
357 183
424 183
555 44
81 114
114 81
839 191
287 81
720 765
261 170
83 273
183 292
437 38
370 414
414 370
295 182
822 484
68 494
283 114
58 803
187 215
167 165
165 167
776 200
84 252
320 182
441 161
58 826
103 320
182 320
694 493
58 586
129 840
249 221
690 447
593 200
215 159
215 53
159 215
107 8
172 183
165 93
132 58
491 377
129 81
129 44
129 303
129 210
129 19
129 106
303 129
320 391
62 493
588 28
391 776
303 3
776 391
290 129
183 3
128 157
357 68
142 441
93 493
474 183
223 83
159 105
494 187
242 105
357 106
105 242
195 803
327 105
195 193
803 195
44 129
262 278
166 142
157 231
53 215
182 167
471 421
167 182
544 813
19 499
229 198
3 107
234 58
234 474
83 290
83 484
107 3
129 351
573 8
460 159
826 193
437 89
182 391
182 395
182 295
118 51
361 135
74 116
285 183
157 53
249 460
423 318
186 283
283 379
700 720
40 560
560 40
53 128
53 157
116 74
128 53
167 339
510 19
187 74
62 179
303 28
303 114
303 340
303 329
58 81
28 24
62 393
193 826
258 198
705 450
202 623
426 403
655 458
458 172
399 526
232 705
562 202
276 426
491 624
494 576
813 544
92 127
157 149
450 623
484 822
107 441
127 92
371 124
165 550
278 128
339 167
492 283
544 183
423 62
814 262
303 159
159 303
183 159
647 458
290 83
588 307
458 142
183 210
183 89
183 165
411 552
165 223
738 285
615 492
615 142
68 106
172 542
564 365
62 269
443 38
261 655
261 470
441 324
62 19
93 714
320 103
285 371
458 647
424 329
285 586
391 182
45 273
278 28
615 244
262 814
244 615
285 164
161 496
826 58
114 303
74 330
340 848
107 187
329 283
445 340
429 461
429 335
429 322
106 107
183 460
419 655
172 377
303 283
187 107
371 285
441 107
391 320
533 128
200 776
340 593
845 63
166 210
419 183
63 845
195 286
183 544
62 494
84 513
183 419
124 139
426 450
426 493
307 18
63 329
63 114
63 81
114 170
198 419
81 63
460 421
231 526
81 303
81 170
139 124
159 460
564 242
307 114
424 62
278 345
419 365
299 81
720 700
44 441
292 493
166 576
193 195
460 533
129 399
638 44
655 151
89 159
399 129
357 480
249 419
419 249
149 655
287 106
593 340
106 287
361 151
349 347
11 8
733 327
480 20
480 221
480 671
62 372
655 419
34 151
327 733
372 62
132 210
153 154
210 132
424 106
329 469
219 60
100 124
100 353
100 640
100 185
8 11
62 521
443 48
608 441
655 149
700 441
573 441
720 441
480 74
480 509
480 223
480 357
93 526
93 458
166 159
183 458
183 290
183 426
647 221
26 32
720 406
221 647
443 361
443 725
443 318
443 547
443 114
443 423
443 76
443 485
195 586
74 485
221 248
221 116
221 313
221 485
221 317
84 441
84 752
84 555
84 493
84 249
249 84
493 84
317 74
273 164
391 295
107 372
183 480
183 509
183 318
183 20
183 68
340 142
249 533
135 361
142 340
317 248
317 116
317 221
317 313
317 223
317 18
317 485
441 19
106 424
68 183
318 183
225 18
90 183
516 195
187 20
195 516
377 347
299 855
655 223
480 183
128 327
129 363
489 132
186 363
855 299
128 105
307 317
105 128
183 90
278 363
225 74
363 278
20 187
74 480
18 225
22 11
40 170
290 106
183 270
183 611
395 393
182 381
182 393
182 397
182 103
182 283
182 385
182 387
182 377
182 368
182 60
182 150
265 8
11 441
11 22
20 480
377 128
339 340
327 128
170 229
170 40
223 20
377 365
357 142
20 223
142 458
19 700
249 353
230 74
489 129
90 11
249 142
240 11
460 244
460 189
11 90
11 240
74 20
62 505
300 329
249 303
249 236
258 468
329 300
90 469
349 320
740 51
559 769
443 847
132 242
242 132
408 586
166 353
74 142
166 74
494 62
116 28
28 116
458 494
822 593
187 1
28 107
491 340
485 74
300 45
157 128
127 1
206 852
443 40
63 533
597 142
335 124
45 300
529 496
249 329
249 671
74 166
445 848
608 11
696 74
106 467
303 249
62 509
223 317
655 231
371 236
467 106
236 63
236 303
236 371
236 249
526 426
149 575
58 166
435 793
813 399
813 172
813 526
813 714
813 93
813 129
813 458
813 403
813 585
154 183
48 437
166 58
183 154
493 166
165 229
166 493
467 509
229 165
55 552
231 343
494 229
229 494
138 408
170 360
776 130
63 162
408 489
142 166
572 377
162 63
489 408
44 360
107 303
424 303
162 283
494 93
45 429
165 365
84 419
165 107
129 544
300 106
107 165
513 166
89 411
106 300
106 230
269 166
34 28
34 24
34 26
34 30
34 32
34 36
34 588
55 6
6 55
55 411
138 285
285 138
644 166
55 533
411 89
63 107
162 643
221 107
295 472
107 28
244 460
114 725
608 265
198 128
129 107
105 303
28 339
303 58
494 70
138 63
340 325
303 166
28 229
70 494
411 864
149 206
56 738
44 555
44 565
411 286
166 93
461 335
206 149
183 513
313 215
441 166
55 698
55 738
6 458
93 494
311 309
128 44
426 270
426 172
426 129
426 292
426 183
172 426
206 231
231 206
290 437
62 8
128 30
128 290
128 36
698 738
340 128
377 249
742 166
249 377
151 655
292 426
371 353
51 93
44 30
803 58
167 655
493 562
51 44
494 458
51 114
30 44
93 62
44 51
562 493
290 419
485 166
249 208
371 640
183 845
552 738
640 371
164 447
572 593
20 83
426 114
106 358
107 83
40 847
83 20
183 371
183 36
135 443
179 262
179 349
674 265
165 290
450 426
295 576
450 295
655 167
258 249
303 236
290 295
114 426
195 552
295 290
58 244
58 372
157 130
132 89
51 30
6 544
30 128
30 51
198 51
198 200
198 167
198 202
198 593
198 204
198 776
198 206
627 667
627 189
106 223
84 582
84 1
84 127
84 210
265 674
165 51
128 106
210 249
424 258
206 290
290 206
129 166
129 283
128 576
258 424
223 313
443 135
322 447
552 532
142 467
309 311
105 419
358 510
358 608
358 452
358 700
487 805
387 377
70 83
58 6
311 494
51 165
249 165
351 1
351 130
674 569
714 62
377 227
601 107
526 655
526 714
826 803
166 129
6 58
426 290
869 179
869 397
107 44
179 869
397 869
582 84
353 640
56 826
343 107
38 170
698 138
320 157
63 44
63 419
290 426
38 847
640 185
6 845
118 128
845 6
458 813
84 494
84 107
84 62
474 81
128 118
3 89
128 1
107 343
89 3
452 265
803 826
426 93
93 424
340 129
44 128
533 63
93 426
526 424
172 424
249 550
44 283
170 38
83 329
83 474
30 261
84 835
230 424
83 44
232 426
372 513
170 533
165 860
107 327
327 107
83 128
419 81
265 452
533 164
533 269
533 360
106 419
424 128
533 529
206 232
206 292
585 129
249 489
329 576
669 615
419 44
419 128
44 419
419 460
615 669
285 625
30 24
265 232
186 433
232 265
48 372
569 501
183 351
38 30
83 450
426 572
231 385
593 572
368 112
307 206
288 295
112 368
36 588
93 513
244 210
533 371
533 210
62 419
128 81
81 128
424 164
288 83
164 424
165 533
128 116
533 582
182 351
419 270
419 337
419 591
419 172
419 221
419 68
419 106
419 468
419 62
419 526
419 848
187 533
597 460
582 533
18 74
58 83
210 424
58 183
533 541
183 58
623 611
533 116
426 423
465 667
465 189
318 426
544 6
283 128
142 303
533 234
533 242
387 389
419 129
132 142
283 371
142 424
283 393
283 320
107 550
107 544
107 489
107 210
107 269
107 393
107 221
107 36
129 419
529 265
265 529
287 68
426 318
385 231
249 278
295 288
129 695
695 129
320 283
395 164
419 371
450 329
533 262
167 526
261 51
154 107
149 167
776 204
167 149
231 656
183 236
533 822
533 290
397 103
533 576
619 56
619 303
619 89
83 433
533 458
793 613
533 667
419 161
128 419
526 167
106 357
411 738
875 170
533 493
84 623
533 20
474 84
93 576
89 58
533 19
107 318
450 93
533 44
421 487
564 183
564 686
564 303
564 638
564 164
564 640
564 114
564 81
564 63
564 876
564 340
564 480
564 258
114 44
56 698
58 215
19 533
215 58
533 877
533 81
114 533
424 738
107 162
559 142
45 447
165 142
533 236
142 165
329 198
533 408
581 533
408 533
447 45
414 443
30 424
303 738
533 165
533 361
533 114
391 389
389 387
499 232
6 426
132 249
443 414
533 40
533 303
845 58
232 501
607 419
533 28
424 30
611 270
106 283
249 695
695 249
40 533
242 236
172 51
142 20
32 533
303 424
208 63
20 142
74 424
424 695
198 485
269 335
840 562
63 6
51 118
447 62
358 232
358 765
232 358
58 698
40 443
191 379
167 232
167 130
11 129
30 129
81 129
62 189
285 129
485 198
431 84
550 44
44 550
172 28
172 114
204 593
198 329
26 135
149 349
62 544
377 458
132 738
167 290
167 292
62 371
106 372
232 167
544 62
283 44
236 208
452 19
700 19
166 399
114 116
116 114
19 365
3 62
103 395
128 204
880 286
880 63
62 627
615 357
357 615
377 782
533 335
860 135
533 322
533 45
114 172
45 335
238 62
166 377
63 880
6 63
322 676
62 238
286 6
337 548
387 485
419 489
489 419
142 269
142 493
142 153
611 11
142 812
81 166
322 429
379 164
379 63
379 628
146 601
146 166
627 62
845 303
58 880
303 845
533 187
469 90
295 560
358 105
343 183
343 129
166 880
105 114
105 358
105 81
458 377
458 183
880 58
166 611
249 19
166 573
183 343
249 187
533 581
187 249
58 159
100 62
335 429
183 705
150 381
149 347
6 337
6 377
337 6
149 179
573 166
560 295
560 19
560 358
560 329
166 20
166 393
419 28
335 533
499 19
150 741
847 48
106 560
877 81
62 3
443 26
443 339
419 45
424 393
45 419
474 560
560 474
509 667
20 166
667 509
262 347
431 372
11 611
166 666
347 262
28 419
118 183
581 450
166 347
426 840
452 608
114 847
179 60
509 107
509 62
450 581
812 601
447 273
847 443
812 3
608 452
292 129
509 81
840 426
166 139
166 249
249 159
509 325
249 431
249 340
278 365
258 18
325 509
340 249
494 24
588 36
800 533
167 460
372 58
84 229
48 84
229 84
339 437
232 608
509 68
231 655
408 208
460 167
278 157
262 100
286 880
249 357
269 615
55 166
53 103
53 389
53 526
53 465
53 221
53 18
53 403
615 269
166 55
164 273
100 262
45 640
62 357
470 151
353 796
238 242
93 204
411 408
204 93
423 89
886 601
3 601
318 170
886 3
887 20
20 887
347 179
347 307
157 347
387 157
409 421
278 149
278 262
377 166
408 411
283 28
58 812
30 339
232 484
607 118
132 208
698 55
698 56
36 48
409 497
24 26
24 32
24 34
24 36
24 38
24 588
347 157
368 295
162 90
409 81
285 806
409 40
40 409
529 499
509 260
886 58
269 142
179 347
262 377
377 262
581 78
48 847
419 351
351 419
51 283
812 880
299 700
700 299
242 62
3 812
533 172
182 869
470 494
56 880
300 892
210 107
424 105
44 107
300 889
880 157
6 89
458 526
889 300
107 89
248 330
191 150
892 300
300 183
300 475
300 44
300 739
300 283
300 161
300 303
300 210
300 638
300 371
92 887
494 470
887 92
424 880
63 812
387 393
151 24
419 714
84 615
151 424
470 261
426 283
327 894
371 208
318 36
283 426
426 166
426 714
132 252
452 421
452 358
611 6
249 215
494 90
581 497
6 56
56 6
470 116
116 470
107 98
252 63
63 252
320 349
510 494
63 55
812 273
487 496
242 238
98 107
167 172
172 167
615 146
343 157
132 258
258 132
330 74
812 58
485 387
116 183
183 116
223 365
812 142
615 493
615 393
615 474
106 83
588 206
206 588
615 252
615 58
615 153
615 331
290 643
615 249
116 655
560 223
738 411
28 172
361 261
290 167
206 62
62 206
142 106
452 501
452 700
106 142
613 619
424 83
339 26
572 129
320 179
179 320
647 93
93 647
166 221
166 223
713 509
249 132
240 242
240 424
540 189
20 215
892 44
892 28
892 128
892 114
892 340
433 186
150 191
166 351
295 179
44 424
129 576
269 424
295 471
273 812
162 195
379 191
238 601
424 151
195 162
164 170
337 165
611 129
149 6
166 19
166 28
573 19
230 898
898 230
6 149
63 379
63 278
63 28
186 62
28 63
28 278
28 303
489 106
513 655
183 285
381 393
151 494
166 426
242 240
6 128
19 573
179 397
397 179
107 410
116 460
3 208
92 68
249 18
166 300
252 183
107 252
252 107
411 55
183 252
183 215
290 165
550 107
573 44
493 107
20 424
107 127
165 183
127 107
166 303
170 164
215 183
103 215
285 166
285 107
443 116
128 6
89 76
377 130
63 718
161 555
206 307
166 127
452 487
191 857
303 252
204 200
74 62
343 128
738 63
244 252
353 249
124 166
63 738
128 210
30 26
30 38
30 40
30 588
30 34
100 687
299 6
526 93
58 129
6 299
812 107
409 785
135 339
45 424
129 460
460 129
45 124
210 128
165 89
452 11
11 452
83 153
83 278
83 221
83 395
83 478
83 236
83 586
83 63
83 191
204 283
347 191
142 593
107 68
30 172
114 83
105 58
90 107
191 83
290 210
494 191
295 311
19 249
210 290
204 172
142 357
6 3
146 368
252 84
450 399
18 166
129 231
231 129
19 569
19 83
892 290
6 204
601 283
447 322
62 285
18 533
285 62
191 601
81 142
38 28
450 1
303 300
286 738
51 409
286 411
674 565
533 18
408 252
494 714
249 505
142 100
154 393
107 129
494 225
100 142
179 128
84 478
84 467
84 399
84 598
84 30
84 18
84 411
84 244
84 317
84 295
84 471
353 129
353 365
387 379
387 395
166 83
191 903
409 318
426 62
318 409
62 426
193 411
411 193
847 172
167 450
460 183
146 120
347 349
300 100
411 597
129 162
461 322
295 172
172 295
611 419
381 149
424 249
424 58
249 393
149 381
285 812
812 285
494 450
513 210
513 116
210 513
393 182
172 107
172 847
278 106
812 877
424 100
494 290
107 172
150 149
812 208
149 150
860 900
372 283
90 478
860 437
204 776
409 30
98 353
45 892
60 157
60 393
60 182
60 397
60 379
60 385
60 387
60 391
60 395
60 368
845 408
437 860
129 285
129 286
419 611
89 114
286 129
485 48
114 89
116 513
513 154
597 411
655 114
340 494
114 655
387 60
154 513
814 58
107 395
186 345
393 249
154 252
252 154
58 814
26 170
58 597
170 26
246 765
698 411
467 107
847 40
107 467
170 114
478 652
652 478
812 63
411 195
135 860
812 461
812 447
812 45
232 575
409 93
303 365
129 187
129 116
55 285
494 371
409 555
89 183
552 55
81 44
360 533
142 494
116 129
221 493
221 129
221 249
611 232
232 611
252 56
232 1
327 11
116 548
340 167
167 340
295 210
295 628
229 183
252 114
252 81
252 845
100 424
11 327
526 232
183 909
232 526
89 215
28 51
106 132
51 28
183 229
3 183
252 533
450 292
533 252
845 89
461 273
285 379
581 204
409 474
494 215
474 409
292 450
533 249
283 51
283 318
114 51
114 30
114 234
187 129
81 215
81 467
409 800
107 142
129 105
189 81
189 467
379 182
103 741
172 166
270 278
544 107
541 139
318 283
288 371
215 331
371 288
252 55
252 159
252 285
252 625
252 273
252 210
252 234
252 238
252 286
252 880
252 411
252 244
107 429
127 377
429 107
377 127
840 526
167 575
443 261
526 840
494 234
860 330
26 34
26 588
51 124
128 494
166 81
512 162
142 300
371 3
474 493
300 142
231 426
231 351
231 278
193 63
562 232
232 562
776 572
776 749
408 215
63 193
492 83
909 183
611 183
513 74
329 340
499 913
120 232
909 129
232 120
303 909
840 232
32 24
89 423
285 252
146 183
426 232
150 295
262 903
44 11
290 128
129 909
411 183
562 840
597 118
157 278
161 265
128 343
38 915
377 182
89 845
183 411
269 644
644 269
290 283
283 290
562 714
414 916
548 381
917 51
917 200
917 128
917 167
917 593
917 204
917 776
917 206
206 917
283 329
118 597
381 548
81 569
738 586
106 68
172 231
128 917
238 89
6 389
165 900
389 611
611 389
847 114
582 671
582 667
300 81
389 521
389 585
389 292
389 317
295 521
295 585
295 292
295 317
45 162
11 44
107 183
408 89
129 208
127 227
300 269
671 582
920 230
81 478
234 494
206 426
411 646
411 208
11 106
106 11
232 206
149 656
103 389
389 103
485 318
408 826
826 408
81 28
120 377
461 812
494 261
461 592
28 44
450 232
640 100
252 924
89 925
28 81
847 925
925 847
426 206
187 283
269 322
118 116
283 187
116 118
562 533
164 929
738 6
930 238
548 283
283 548
238 930
6 738
114 892
114 300
81 544
303 544
591 83
300 68
36 183
127 533
424 340
68 300
377 120
408 625
408 880
381 391
89 408
81 607
329 303
329 671
411 460
18 424
18 232
573 358
232 18
765 720
700 358
765 358
210 142
929 164
320 368
513 303
494 588
588 494
48 165
11 128
105 509
128 11
437 26
127 36
170 419
329 128
671 329
110 474
128 377
812 252
269 929
529 44
548 62
210 183
533 562
107 285
368 146
179 339
269 447
40 725
165 48
324 720
32 40
179 295
465 615
936 572
572 936
924 303
494 58
48 166
353 592
353 935
138 252
429 929
252 138
484 694
913 358
303 128
303 81
303 106
38 592
930 234
592 38
58 845
252 738
183 900
265 555
51 112
303 924
56 408
800 615
128 940
309 248
309 18
615 800
290 130
252 193
19 421
234 930
234 926
941 189
435 920
236 930
377 776
234 283
936 290
377 215
231 347
60 105
81 3
526 231
783 154
303 411
560 913
690 107
886 812
210 106
327 945
153 105
210 114
924 89
206 107
103 162
191 142
690 20
187 105
215 460
303 244
924 252
60 947
193 3
150 215
215 150
410 286
286 410
128 295
236 107
929 489
822 53
550 105
644 950
492 165
204 167
450 105
105 550
105 450
165 492
258 165
161 452
424 950
38 165
38 329
38 421
38 474
38 258
74 950
411 166
926 930
930 926
107 478
615 714
114 925
929 335
573 452
950 74
142 129
84 487
249 154
249 954
107 139
139 107
150 179
307 696
269 107
260 93
232 397
411 303
593 955
389 628
311 424
592 353
93 260
489 105
900 860
474 950
880 56
492 105
950 474
139 335
105 492
700 957
3 193
592 100
377 656
6 880
544 105
303 950
58 950
24 114
166 950
615 954
93 165
550 288
474 105
142 45
249 765
419 63
28 105
371 419
285 105
107 236
533 572
533 499
533 406
533 204
533 320
105 285
105 544
105 129
345 262
377 960
377 403
377 961
377 839
377 562
183 53
419 18
340 105
63 283
114 24
114 261
283 63
283 129
303 105
742 614
55 193
45 142
81 419
533 950
917 40
40 917
128 445
445 128
913 183
329 83
838 124
368 150
74 105
183 913
18 419
249 161
411 63
19 360
165 494
533 186
193 55
93 40
70 431
494 165
963 159
387 182
581 200
200 581
913 950
963 926
926 963
395 368
236 963
377 278
40 318
118 409
387 381
387 118
387 667
387 283
387 42
387 150
118 387
167 426
309 615
55 3
521 615
936 822
936 935
936 593
936 776
936 955
936 130
936 167
936 232
936 484
936 204
936 206
936 231
936 129
124 892
124 300
833 365
433 431
129 221
776 936
930 236
963 142
142 963
955 128
926 159
926 234
926 242
295 106
153 249
153 393
153 493
153 83
153 58
153 474
153 424
615 521
615 309
615 963
393 950
947 60
142 105
106 295
409 945
963 58
265 957
83 615
957 951
957 700
951 957
945 327
963 236
44 951
44 246
44 765
44 913
950 913
950 58
154 493
153 166
153 494
290 166
166 290
51 917
493 283
58 601
509 189
957 19
42 58
409 776
283 493
880 6
311 225
107 70
232 292
210 963
318 615
615 318
242 303
249 615
470 655
303 242
107 954
494 372
252 812
55 950
240 159
393 107
971 361
509 952
971 470
971 406
963 930
963 244
971 232
971 391
971 582
971 179
845 252
952 509
963 238
238 963
951 913
655 261
655 470
509 972
371 105
261 494
971 700
971 467
957 265
105 371
240 234
183 399
971 554
971 893
971 324
971 114
971 416
44 105
105 44
40 93
971 973
971 325
971 360
971 627
971 480
63 826
63 803
162 389
971 403
971 778
167 572
283 560
971 569
83 812
193 6
572 167
283 234
971 608
971 423
325 945
971 812
971 975
971 540
971 805
971 343
971 26
971 20
971 505
971 93
971 8
971 740
971 452
971 307
971 844
971 695
6 193
900 128
128 900
270 183
951 360
44 526
210 105
230 283
492 107
249 3
930 963
497 581
526 44
509 671
292 232
252 826
19 452
3 971
118 132
812 83
11 358
11 496
496 11
847 547
547 847
295 313
318 725
655 28
204 581
19 957
371 170
494 509
246 44
409 357
246 499
776 593
170 371
68 107
608 232
154 474
234 963
215 114
215 81
963 242
223 468
162 468
139 76
320 947
287 162
42 19
249 252
249 286
494 690
963 210
963 240
963 234
244 963
107 963
107 690
19 42
225 460
822 936
509 540
195 252
540 509
540 952
252 195
358 11
76 139
358 501
952 540
166 252
129 562
562 129
84 393
107 78
83 513
83 162
300 460
597 107
311 106
106 311
246 421
393 947
974 128
480 667
667 480
260 950
107 597
860 978
372 494
299 509
480 142
335 929
124 142
292 950
142 124
411 215
215 411
114 36
11 700
963 107
409 371
107 166
360 170
18 852
541 249
249 541
509 287
252 6
24 151
3 845
652 513
269 513
124 513
42 83
74 513
963 83
286 252
83 963
510 84
971 3
18 182
182 18
548 607
6 252
20 28
24 964
443 165
381 686
627 513
63 971
30 721
28 20
929 269
981 318
981 114
260 509
210 252
493 909
547 443
300 187
278 292
154 114
611 278
170 607
187 300
3 6
478 325
480 550
353 106
368 1
607 170
154 492
509 480
671 106
311 248
170 471
165 26
165 847
165 844
406 499
669 930
6 285
6 552
93 940
615 513
32 151
411 114
917 974
509 513
151 32
513 509
92 238
471 170
644 349
437 339
40 900
491 170
170 491
550 480
154 106
167 198
167 200
167 917
167 593
167 776
159 963
42 372
105 92
92 105
19 11
550 667
954 154
509 183
372 42
232 576
232 6
100 935
913 499
100 51
51 100
6 232
971 63
900 40
331 44
513 153
607 548
607 128
560 142
329 365
913 951
26 28
6 562
562 6
494 539
548 116
45 139
963 643
467 142
666 951
845 3
252 3
419 170
30 337
30 116
30 135
337 30
492 950
379 285
129 161
161 129
329 249
411 24
411 116
411 261
411 469
411 986
411 988
411 866
128 974
974 593
3 252
492 166
223 311
403 526
509 713
269 643
424 142
317 1
925 443
283 252
443 925
252 283
183 424
886 273
469 411
309 120
309 313
309 225
309 317
309 219
499 238
317 309
60 215
252 601
238 499
431 166
700 238
93 450
138 3
822 292
154 236
154 424
128 607
166 269
450 167
114 411
533 154
880 3
252 611
252 389
252 153
252 480
252 83
411 900
421 765
248 309
28 151
252 803
252 162
210 926
3 880
950 166
474 340
544 607
929 429
569 957
18 215
474 42
232 499
981 847
981 925
981 361
981 443
981 547
981 423
981 76
981 48
981 485
957 569
981 411
295 450
812 971
494 593
913 700
215 18
411 981
114 981
371 183
892 491
74 120
357 105
313 560
569 365
803 252
411 252
128 955
822 494
426 458
285 172
285 840
285 562
285 458
340 28
83 365
93 337
93 361
93 28
93 443
93 30
93 116
93 32
93 261
93 114
93 36
93 135
569 11
371 329
371 28
371 161
371 81
371 351
458 6
252 552
783 142
812 990
142 81
142 128
142 28
142 44
142 1
261 165
142 783
353 142
408 990
238 700
978 900
978 860
992 129
112 469
24 988
408 193
221 106
671 411
193 408
6 994
470 986
138 990
295 424
295 142
252 740
225 494
480 601
601 480
105 357
151 142
234 166
166 234
845 193
107 124
18 219
183 822
154 954
845 924
845 812
990 138
238 92
172 365
42 492
494 252
166 340
765 44
978 165
193 990
952 81
170 183
81 952
581 445
900 165
963 950
913 972
411 318
118 83
337 424
42 671
106 114
106 607
424 337
83 118
548 497
248 221
183 11
258 347
81 162
300 11
529 913
11 183
11 300
371 424
423 981
221 225
265 503
435 942
423 361
423 443
423 847
423 925
423 547
423 48
107 509
179 365
249 179
445 917
358 913
11 365
952 28
458 426
150 389
533 129
40 964
118 300
300 118
812 215
913 44
935 100
484 292
206 575
292 484
183 562
210 244
562 183
426 391
28 952
591 142
231 179
142 597
107 179
170 497
107 468
107 18
497 170
860 170
671 690
877 28
497 548
107 591
499 700
28 877
18 107
285 990
607 365
513 365
930 208
845 56
249 513
249 172
193 845
129 484
484 129
20 260
20 42
159 926
387 950
138 880
248 372
765 365
265 161
947 377
335 45
215 812
503 44
124 335
24 411
32 28
812 950
494 529
322 929
170 900
170 860
929 322
210 3
892 423
765 499
295 947
822 900
225 215
607 105
292 822
494 544
3 210
3 128
3 371
339 179
325 260
880 252
127 613
826 63
458 714
419 300
18 120
499 246
200 917
252 236
83 465
120 18
607 544
487 452
465 83
84 492
186 450
812 193
450 186
154 963
963 154
183 170
607 460
437 337
437 443
437 30
437 261
437 547
443 437
300 42
105 170
460 607
193 812
193 252
170 513
42 300
812 826
419 607
411 170
393 421
437 847
20 329
329 20
170 105
261 986
215 340
283 3
812 803
803 193
68 142
187 42
44 529
139 541
107 206
403 493
193 803
105 347
118 667
548 365
249 548
607 106
105 607
215 347
162 186
409 28
489 249
166 242
166 320
803 63
18 365
252 419
409 667
103 182
166 429
8 950
424 170
159 166
132 234
170 424
429 166
249 833
318 40
166 42
929 592
510 499
833 249
106 548
106 28
499 510
393 607
491 497
42 607
42 166
560 1
560 276
560 221
560 313
560 363
560 607
221 560
833 62
142 68
494 287
421 365
249 421
166 150
166 857
166 529
917 445
249 170
287 494
162 236
165 105
230 533
593 974
860 337
860 116
860 165
860 339
166 3
299 287
287 299
42 221
105 215
215 249
526 221
529 166
1003 258
258 1003
925 981
146 533
974 917
116 411
240 963
89 924
62 833
803 990
437 900
62 586
62 812
607 471
242 926
3 990
826 990
471 607
42 343
607 42
733 825
607 421
480 107
32 165
313 623
299 968
249 950
361 981
426 231
278 347
409 151
533 607
223 142
607 533
592 929
51 200
460 347
409 36
419 84
129 377
142 151
925 318
925 114
925 423
925 48
