1 18 74 120 215 219 221 223 225 227 248 307 309 311 313 315 317 414 449 468 516 603 629 650 696 731 743 775 798 852 904 916
3 56 58 63 138 193 195 286 408 456 532 586 606 625 634 636 670 691 718 762 803 826 845 863 880 884 901 928 990 994
6 489 644
8 11 19 44 161 246 249 265 267 324 358 360 365 406 421 441 452 487 496 499 501 503 505 510 529 555 565 569 573 608 658 666 674 700 720 739 765 805 827 833 893 913 951 957 973 998
20 22 92 260 325 327 416 535 703 733 825 881 887 894 945 975
118 409 624 677
53 93 129 167 172 183 198 200 202 206 232 270 276 290 292 399 403 419 426 450 458 484 493 522 526 542 544 562 567 572 576 585 611 623 655 688 694 705 714 732 749 790 801 813 822 835 840 844 874 909 936 940 961 992
45 139 164 269 273 322 335 429 447 461 592 657 676 760 796 838 929
42 105 424 460 607 763
24 26 28 30 32 34 36 38 40 588 721 785 915 964
51 128 204 593 776 861 917 955 974
48 76 114 151 229 261 318 361 370 423 443 485 547 725 757 847 897 925 981
62 83 107 142 166 283 372 494 601 752 950
70 84 162 288 431 433 643
60 103 150 182 295 320 368 377 379 381 383 385 387 389 391 393 395 397 628 653 741 772 853 869 947
55 208 285 469 552 646 698 738 866 898 986 988
90 110 112 258 329 357 475 478 652
68 81 146 187 189 287 299 467 474 480 509 540 550 582 627 667 690 713 746 778 780 800 855 877 952 968 972
78 445 497 539 581 848
671 716
89 252 303 369 740 806 924
98 100 124 185 353 371 580 640 687 709 770 935
106 300 638 773 889 892
153 410 559 578 769
116 135 165 170 330 337 339 437 439 724 860 900 978
127 435 472 491 548 613 619 647 686 782 837 942 960 1003
130 149 157 179 191 231 262 278 289 343 345 347 349 351 402 575 656 680 682 712 814 839 857 903
132 411 784 864
340 521 554 598 862
186 492
154 363 513 533 615 954
230 465 512 541 591 597 669 695 742 783 793 920 946
159 210 234 236 238 240 242 244 564 631 639 926 930 963
614 788 821
175 812 886 971
471 560 759 875
331
470
463 876
941
