356006 1006323
1436454 1812351
1660691 1706125 2169204
1557810 2413173
1230342 1507485
1697351 1697353
1303162 1624180 1649404
1428190 2339967
924409 2178463
1270152 1320085 1696612 1778435 2260800 2286273
1519601 1752632 1815414 2085857
194840 2215039
1008449 1241370 1549705
1304663 1873728
1000714 1345375 1522149 1640751 1777913 2132688
1425794 1591541
1834409 2228306
357180 796332
1700728 1700920 1700947
1066401 1267536
1262176 1262239
1172897 1190531 1370442 1622945
1195021 1203172 1205697 1207238
229912 455295 455299 460426 460427 467338 467340
1045582 1230770 1489408 1533035 1613400 1624333
1496848 1677483 2085195
1637553 1720053 1849173
1820917 1879494
1301834 1441204 2066726 2076478
1707477 2291950
1131409 1372856
1319939 1607152
1143262 1220044
1212820 1213171
1069884 1195640 2489034
1212159 1723820
1141232 2109463
1912472 2350388
65698 815624
366506 835194
201587 2358454
1506328 1556108
281068 533783
1391432 2339462 2340061 2340209
559132 672734
1315041 1651657
1852760 1870994 2027642
2432293 2465693
1442536 2105399
1423758 1710780
1025440 1256589
889699 889890
1810535 2594100
1450556 1450647
1234770 1730217
1606160 1655277
1432369 2452884
55152 87535 153921 393976
1297948 1301201 1313853 1339978 1422087 1706774 1811065
356796 734450 893533 986993 1023622 1045315 1088044 1191926
1299949 1505472
710546 1537249 1580430 1867179 1890815
1533989 1963518
704198 1597780
1209530 1844907 2345424
1007184 1009909
1513681 1786440
1048512 1400872
2469453 2550767
1009849 2574707
1559869 1781033
1119588 1119590
1553674 1600954
1836943 1837230
2076949 2077327
778286 2455306
1503571 1773859 2106376 2455609
1044746 2495341
1103547 2174369
1132413 1473750
995377 1183847 1482291 1592163 1615058 2081007 2126711
1012055 1565130
481310 775641 1417956 1440546
123092 127570 309552
1045653 1624459
1174610 1963236
381536 1417522
1534860 1535026
1596118 2074501
1098779 1098812
1534413 1578289 1604724 1668633 1993017
1289230 1469000
42564 1283328 1283493
1305435 1591714
864554 1655359
1407902 1717190
1299511 1394798 1781560
1155749 2306455
1381686 1716438
775537 779535 1226183 1351807 1705256 1707058 1730162
1574787 1738105
1088599 1360472 1594360 1752728 1777733 1825309 2597318
1113656 1113936 1163816 1355360 1356454 1356617 1358720 1788817
1137146 1293289
982957 1983768
1151128 2141135
1121280 1812588 1821339
1521884 1682857
2171924 2438239
1496435 2510113
1317222 1779695
1028658 1279126 1291097 1487696 2425610 2425676
737629 737720 2412223
1801157 1826488
1129944 1198601 1198784 1203263 1364213 1864897 2511969
1095441 1215569
1419975 1792360
1183108 1183518
1028671 1124362
999445 1271678
1173768 1371368
1693646 2110815
1397087 2035102
1171326 1171353 1171361 1171375 1171420 1171549 1195964 1594343
1190856 2595015
1747730 1852132
1777817 1778344 1778390
1188975 1418470 1613746
1822495 1846696
1639576 2118096
1027954 1989525
1255421 1609853
994737 1028852 1248173 1674707 2093540 2597646
1081579 1876329
1064500 1131766 1610614
1829720 1943578
1304663 1873728
1135171 1312094
996770 997001 997224 1257966 1319553 1445354
1039330 1460275 1546388
1899774 2237093
2029676 2029749
1243652 2596758
980267 1369903 1486671 2074636 2074741
1332592 1339413 1657799 1660427 2525552 2551418
1045243 2426150 2426179
1333599 1914363
1501058 1501485
1302913 1641069
1201775 1203358 1267495 2585465
1046561 1838182
1061048 1297797
1350591 2102440
1012100 2263365
1067363 1831130
1259202 1570709
1197579 1205477
1493946 1644813 1817949
1002856 1220508 1639451 2189202
1052881 1296690 1494006 1530927 1589305 1714105 1803204 2305435
1395976 1737193
1236659 1875617
1041398 1826965
724541 1143611 1358730 1549711 1578521
2265152 2265876
2263536 2343748 2344200 2345314 2348925
831426 1525808
1212593 1396450
1939328 2156892
1152802 1506356
1871938 1874339
819445 1469002
1234193 1499368 1654351
1140375 2291990
1596358 1640384 2500388
1053708 1575633
1141152 1249109 1709498
1182319 2525191
1016864 1316120 1540241 1610642 1621788 1697334
2460112 2460395
1394539 1834127
1544915 1793792
1420714 1682754
2495353 2495520
1388488 1461828
348089 2156440
320852 320856 524181 596232
1151850 1221593
836633 1832441
1259341 1519186 1590530
1039948 1227480 1372121 1531251 1922783 2097893
1811693 1843372
373255 1460154
1375967 2481815
1315830 1717038 1866545
1881245 1947904 2436684
1838331 2102231
347897 1286876 1425398 1654851 1812752
1474783 1618852 2066763 2459435
1117380 1117453
1177563 1955256 2172418 2172638 2172715
1400160 2095671
94904 1455134 1455190 1783428 2460167
1006017 1653806
1644460 1705863
812391 2375451
1435949 2261332
1083729 1398226 1508026 1595962 1806489
1528801 2549264 2549522
1042804 1095790 1488668 1651159
1088612 1250074
1921801 2078036
782915 2017728
1256196 1256586
1428581 1538581
1054423 1083616 1202740
1456276 2596640
42435 1060660 1976465
1187688 1456880 1457284 1709772
1190050 1623683
1008515 1829489
1132714 1321791
1373519 1408684
1009141 1340041
1174232 2064086
1268880 1953719
1392859 1402042 1591784 1594183 1605737
1257770 1519619 1634793
2512124 2512331
471559 1646567
1696524 1697130
1612461 1630011
1091469 1555887 1556278 1688675 1825638
1210341 1597774 1661323
1383896 1384083
837622 1872358
945183 1533879
1109160 1275367 1414976
43511 1710802
1103385 2432250
350749 608339 1141560 1270758 1650934 2184487
1024157 1215220
1130430 2467999
699245 1367069
1441075 2346173
1585969 1654621
1170661 1501434
1609126 1609541
1438983 1673994 1705254 2108045
1453522 2087062
1603619 2123627
1266221 1365202
1268486 1575145 1625212
42908 1550193
459901 1498866
1132817 1312728 1457080 2086141
356116 1520018
474449 1161160 1423672 1423914 1423982 1843972 2084838 2543262
1147815 1543499 1667186
985301 1034687 1574664
1864912 2116220
1547155 2087094
1470135 1711138
1084696 2180310
1066079 1627649
89154 439374 439383
1150145 1164281 1260917
749290 1481110
1502516 1596975
1466651 1466701
1491665 1515564
232496 593501
1862462 2085401 2483649
1294777 1629848
1061941 1535733
1670032 2092213
1460344 1535001 2542264
1427093 2102483
1339031 1377601
1112997 1269943 1334379
1596877 1636838
1141362 1435128
1361347 2069923 2102056
1355687 1358720 1870295
1224387 1240811 1496992 1498204
1063809 1207584 1384068 1464892 2036632 2362923
1230660 1417576 1481881 1639867
1059123 1787783
1108837 1204676
1284087 2187767
1006377 1223495 1372464 1372783 1420370 1437844 2106426
1388222 1778694 1852114 2595744
1243699 1809556
1154432 1343927 1344012 1344101 1596313
34531 891582
356811 824244 1010562 1088027 1240821 1418897 1884532 1884587
1446458 1574595
1793718 1805776
1275988 1421719
1625970 1627516
1778085 2350333
1195447 1197085
1232278 1873023
230140 1283784
371141 484002 705758 834381 2360544
1199767 1485046 1541848
463475 1353995
1732114 2436685
2084953 2085253
1439335 1841348
1211093 1853946
388490 648907 1979035 2237237 2575365
1506314 1645414
995999 2140512
1319754 1471923 1472010 2094858
1161745 1161859
1006890 1035812 1171084
1007483 1852271
1008762 1131542
796063 796255 796264 1012433 1335975 1610989 2094354 2234922
1689044 2107527
991424 1140626 1506084 1512094 1675293 1787272
781503 2537194
510361 1470197 1564480
282158 282196
1283208 1421598 1529808 1792272 1874866 2377386
1601667 1624529
1291220 1326589
907572 1407962
26327 103417
1780585 1780923 1780988
1214902 1397977 1611598
1265557 1383986 1384261 1384316
2096949 2096984
1289593 1953456
363539 1226927
1025153 1144262 1467783 1614151 2012017 2126601
285832 351932 2029196
1239948 1555097 2113380
1092364 1252956 1322121 1594518 1622332 1644851 2121415
1132963 1955361
1112363 1588427 1601261 1867379
1296081 1469038 1706225 1899127
1456039 1614107 1730376
1152674 2133363
358373 1210099
1294354 1294396
1637464 1854778
1019357 1657101 1721635
2368755 2368784
835959 836003
1250470 1548009
1215561 1316729
1183658 1509342
1622434 1622926
1637066 2269391
1284818 1425531 1648390 2109327
1582433 1804320
12345 509967 510339 511173 513192
271190 735741
222174 286735 482619
774913 965460 1867998 2022529
229751 1029954 1919846
1140225 2126234 2553178
1132557 1392684
470212 470603
990913 1511922 1520817 1524433
2056092 2056128
1299743 2169138
1789051 2519460
1082492 1082990 1586043 1652096 1711083 2429820
1046487 1263177 1266002
131408 1910846
1658949 1857489
1225369 1232549 2350132
2064785 2462661
1063436 1078255 1154699 1489913 1490100 1715995
454864 2454081
1958035 2232285
1322844 1323707
1849649 1850161
997726 1227678
1072995 1821229
2314486 2314554
1677342 2452858
1204743 1204875
355395 1860319
367426 369241
1187070 1247210 1350692 1522560 1574709
1299668 2101332
1045903 1376728 1392024 1869208
2064162 2076059 2076175
1313972 1535551 1779810
1268894 2340267
1615357 1643621
1183325 1318339
889880 890238 1013787 1392295 1903344 2114654
1500336 1772250 1813991
42967 1435141
837910 1533460
1531663 2090642
1258295 2117724
1372823 1825269
1196613 1837898
607919 608026
1386383 2115574
1672738 1673348
1209733 1469673 2313145
1157335 1392878
1181322 1415624 2169340 2562422
464536 1141656 1326445 1544731 1720769
1030611 1478472 1836389
1660450 1687867
362107 1680668
509831 1647300
1219474 1543879
1016893 2165642
979601 2102066 2560790
1522208 1665963
775654 1199718 1200496 1200647 1222534 1341080 1796463
1145110 1324026
580902 1879851
2466162 2466376
1239807 2094024 2312106 2572600
1358435 1539297 1564318 1595914 1647200 2263446
95772 205999 518060 829792 2545913
371789 970843 1533956
1489548 1489596
368532 1927500
1869705 1870551 1875153 2553212
1353244 1353534 2377325
1792965 1903782
540500 2486602
389798 614482
248490 1688361 1690230
1818941 1861313
1591898 2034076
1437519 1800649
893786 1234333
1235452 1790615
1686487 1845560
2028093 2028171
1011677 1622672
18214 125796 125851 151797 209178
2462804 2463019
1383175 1587396
1468686 1877701
260343 740451
1078596 1444457 1580934
835146 1948334
1327229 1788006
1556880 1858124
2091433 2110973
1199383 1461147
1003129 1380475
1067970 1197356 2507476 2507515 2508243
1177850 1177943
1368389 1539236 1542850 2117934
1345966 1360930
1645167 1838698
1024539 1041768 1254795 1783577 1815195
1420469 1428041
1636658 1859271
357042 1005221 1181765 1292920 1487487 1543902 1936821 2526615
1154682 1642777
42240 1009040
167731 336910
1267026 1812156
839642 1090968 1218427 1255726 1318958 1361712 1871630
1400183 1521818
1284035 1455530
1036765 1102568 1281627 1600057 1804639 2038642
1048937 1528608 2088588 2096688
1282791 1366776
1276449 1696716
1407154 1407832
1253238 1253457 1598288
477496 1029419 1081529
353896 1016371 1039681
1789590 1932637
630536 1561909 1578013
2314579 2314583 2314676
1580591 2085091
799089 2251919
357900 1981208
660035 910181
1326930 1436693
1716137 1776465 1894699
668117 1739956
471602 1523198 1638909
1221086 1221092
1253311 1557980
1130802 1171319 2351821
80538 331637
1334029 1567900 1727124
844368 1569200 1637121
1121627 1540753
1607615 1656665
1853183 1911023
1152642 1562415 1797816
1021840 1350435 1586000 1854445 1854667 1941827
296017 1781614 1972080 2082120 2100368 2100459 2100578 2115803
56760 2158779
2107464 2107629
1631022 1874277
1354363 1493423
1221692 1348306 1706282 1719000
1083501 1420749
1320219 1835654
1097701 1098036 1098749
1636152 2119435
1259310 1260193
1027400 1311815
2276306 2276331
472364 2454034
1431688 1673928
864510 1249137 1393229 2234453
354271 1314852 1502863
1446751 1837083
1476519 2595588
1548749 1659510
1341616 1460783
1116226 1436278
1310295 1844328
1665038 1878540
1679093 1770069
514571 2292686
498824 2205587
249044 1103893
1230973 1239480 1265740 1338394 1393721 1622027 1857338 2011970
1183067 1615159 1616906 1802255 1988845 2121139 2334639
995871 1813327
1520169 1911713
1708179 2128562
1745483 2074778
1074853 1290469
1171748 1312198
105724 516505 911322 918850 2523537 2523541
1755215 1836970
1192095 1694164
1134169 1409364
1053257 1706665
81776 2291738
817360 2011279 2390171 2456238
967215 1906781
1271408 1272116
1242121 1802995
1863471 2138098 2138183 2138184
1340394 1853125
1122202 1408960
1011028 1099555 1120605 1277526
1018912 1653587 1963677
1282225 1282782 1845085 2485159 2521714
1544763 1958857
1494361 1840409
1787957 1850003
714727 1656708
1940161 2079895 2085718
650552 2487665
1048251 1467083
1293275 1307219 1673411 1831921 2464665 2558926
42850 248632 1239657 1479984 1650253 2149336
1367152 1396369 1442888 1591418 2074936 2459303
475180 475202 475204
1050783 1051881 1055089 1055403 1508492 2436560
1143060 1695018 1695694
1142456 1575078 1648972
1564917 1822226
1664911 1787187 1858888
1457532 1833292
1215686 1585801 1586083 1630930
185654 2439259
1344876 1532691
887904 1683262
1138481 1383715
1237082 1321068 1385590
1708062 1708239
1711142 1711143
1019032 1801936
1493100 1498929 1500045 1507956 1640802
1148814 1422341
973322 1593589
1810732 2081239
987856 998467 1244133 1660378 1803967
1495574 2184672 2409651
1422307 2173097
361210 1048355 1174204 1315725 1355787 1487718
1093947 1186580 1232011
1389417 1868810
1441443 1491307 2437887 2437890
368841 866872
1568999 1637681
1572622 1798498 2147129
372089 1880877
477145 1273069
2327885 2531631
1268698 1879504
1009777 2598561
1073561 1114909
1397383 1942224 2070723
1140969 1338896 1668997 1776498 1811384
1572085 1609582
799901 973137 1228608
1025153 1036933 1327256 1548876 1699216 1864080 2594179
1031170 1160895
1005587 1090871 1322481 1611196 1985139
2381071 2481419
1599393 1784300
1023108 2245677
864639 1651382 2105146
1262890 2128136
1629206 2132758
1427201 1427300 1650866
1000276 2065999
1462036 1849227
354783 1101881 1705033
1423064 1904102
2282965 2282996 2283153
1063703 1520638
1260741 1721139
1056782 1306513 1518559
1044654 1420116 1635905 1682143 1814112 1826874 2080704
1073899 1285181 1393742
1100709 1641424
833069 994415
1430549 1666223
1476526 1522894
1442229 1443274 2077890 2115452
1192530 1406130 1424677
988025 1028444
1540687 2181246
349917 373094 376894 641049 1920632 1957827
779293 2058145
1529685 1529716
2262484 2366776
354067 1052209 1119641 1119693 1119862 1265547 1371334 1772822
1370000 1674778
1451712 1628376
1417511 1521026
1298218 1480331
1257025 1589473
1259318 1320812
1336880 2262649
1002094 1009867
1263933 1366868 1789665 2202751 2202904
1223247 1240679 1319792 1575520
1261969 2261026
1678366 1691314
1361904 1384396 2112543
1254313 1372204 1628250 1695577 1879209 2583042
997652 1032611 1323703
373262 1848935
1252300 1603304
1034667 1072845 1345038
1171300 1265059
1294624 1404560 2077029
462125 1323599 1460768 1521805 2067090 2097709
1496717 1868842
641770 1434328 1596851 2343020
1390488 2297748
918344 2508656
1120633 1120653
1049671 1127997
465734 477776 970162 1067464 1586438
1541753 1636223 1642817 1718523
1786617 2180126
1869251 1877917
1555672 1599468
1436655 1922230
1314525 1426399 1577620 1732929
1173505 1376066 1707610
1249264 1371701 1371739 1372168 1397002
1436524 1611490
1092730 1518439
354538 1849060
1279704 1856201
1240160 1286873
1611381 1705357 2595596
1762976 2263412
1183156 1656841 1656848
1474709 1551008 1577281
1407681 1495055 1495921 2129638 2129649 2129846
1130392 1545810 1665640
461733 1054811 1145662 1190845 1192281
354531 1055687 1171694 1650197 1658377 2132866
1597700 2560978
1043222 1268251 1482836 1565698 1641532 1827452 2029220
1046495 1594392
1362377 1363334 1363391
819850 1144420
1896438 2133129
43066 1561572
1340327 1636393
357431 1391747 1445980 1650028
1411552 1411726
1249295 1794892
1594100 2116136 2116473
1898995 2246069
2384088 2384130
2079187 2354174
1038188 1451970 1595889
1448585 1871376 2535625
1442145 1645411
131550 198084 703572 738236 2032719 2160556
1031881 1580543
1383247 1520826 1521747 1522198
1414844 1499072 1573892
1035851 1593516
42589 1010134 1014900 1014988 1597118
1576419 1731088
1714373 1846457
1908821 2510603
42519 43611
1142145 1710473
1222671 1225209
561150 2383338 2542773
460555 1451122
1049076 1154786 1276015
1035705 1190696 1466428
362266 1115804 1277778 1399424
1210996 1638278
1631747 1651039 2434875
2065003 2065043
995351 1523450
1196773 1823019
1596456 1654889
1623744 1694826 1753063 2027933 2106382 2106488
1678882 1679312
1137819 1678384
1110263 1254616 1418224 1421448 1623313
355923 1057978
1695093 1804438
671365 832751 1065270
980735 1326447 2583154
2596188 2597280
499472 2042233 2371891 2417940
347384 348206
1584363 1725814
819764 819824 1051489 1174402 1568536 1854633
11091 477216
2102944 2103097
995274 1061160 1101036 1578413
819464 825081
1169038 1201232
1007295 1338885
1688278 2413477
1186055 1600133 2596836
1570390 1713649 1718697 1793678
357627 1070432
1702967 1759828
359313 1477249
630701 778926 810987 1092634 1945175 2411139
35633 90499 697404
2172364 2188664
1704107 1838050
1342658 1638502 1668210
1361360 1656398
1051399 1528860
1932552 1932554
1595190 2133201
1065754 1273950
1045455 1625653
1548298 1665956
1341955 2089280
1549216 1549832
1493798 1518939
1177791 1348907 1555530
1049549 2119266
1130105 1429160 1593443 1593462
720906 1296351
1024500 1946325
1354110 1545105 1598609 1718112
2085380 2085636
1666304 1666492
1322609 2553611
1156629 1667449
969528 969532
1186412 1577095
1932203 2167986 2168314
1248995 1534785 2143128
2161092 2275713 2416609
1081860 1155013 1301530
533104 1032076 1048608 1109768 1239135
863388 2179761
1139372 1237571 1371141
844354 844357 844499 844721 1587857
1105765 1484942
1120653 1384472
1537297 1903713
761120 1195666 1196484 1206473 1207791 1443001 1529321 1687952
1355739 1429804 1507763
446934 2037654
1176055 1393682 1611858 1696610
774913 962881
1150940 1249017
1870699 2108194
116418 366688
1927159 2486538
1228790 1717097 1939022
1303047 1342718 1740694 1794464
478864 1641613 2113110
468002 893152 1457103 1808450 2109785
1290812 1524423
1147627 1819606 1846305
145022 346854 508339 888760 1148328 1388668 1807258 1946971
1216671 1493067 1496137 1588091 1828999 1856904 1872268
1128409 1234704 1421396 1791038
460667 1050648 1139195 1185158 1292644 1326429 1538310
507393 1733759 1890660
1028969 1141422 1319186 1388751 1393564 1688128 1848791
248631 1595045 1595086 1653654
1425015 1601852 1731557
1458101 2448480
1118966 1119108 2101239
1326489 1685697
1131400 2142262
1045742 1321000
523667 2376935
1200820 2101259
431924 533368
1601484 2465702
2344425 2344600
699991 852465 852633 928585 2169787 2203303 2203335 2203370
1867558 2040092
1702572 1852545
358583 1849331
1577506 1773934
1157470 1454648 2242725
1221128 1844455
1362370 1963230
682473 872268 874308
1402083 1402084
698411 1092245 1327455 1370638 1493110 1493784 1498899 1515077
1081083 1153803
76383 161813 342239 2399838
1168264 2486713
1370451 1613720
1576349 2028518
740063 1614296
1011246 1640016
2310524 2310659
1528416 1790449
1852258 1917829
70213 616955
1466128 1489482
1574910 1818865
1516090 1531049
1505066 1517892 1824281 1953912
509745 509864 511104 1491634 1509214 1526126 1645092 1721455
1245648 1316902
1030013 1367216
1779483 2073137
1142190 1826957
1649876 1854773
1227481 1265904
1864882 2255805
555549 628133
358213 1522714
2112196 2121454
357152 2597436
1305456 1305501
958345 1083371 1281335 1289980 1834627 2072942
1562519 1821662
1030322 1321530 1323354 1606943 2599490
1788429 1942665
751703 1235435 1519108
730613 730728 1340282 1638305
78863 1251330 1427192
1300477 1362984
1661870 2119322
1381839 2129576
1618362 1618418
1170755 1370540 1545093 1595898 1601467 2133371 2183623
1830066 2110520
1236660 1645471
1634893 1635259
966787 1774866
1125617 1936920
30395 381321
1046895 1281801 1608498 1619541 1619548 1774405
1033946 1370195 1721448
2129664 2129857
1074713 2265196
1009074 1078285 1220695
2093928 2094259
2089319 2089517
1128019 1669640
1031454 1060257 1255529 1408252 1624114
1282199 1945522
970434 2531705
1155909 1172560
405991 570250 570254 594480 849998 953556 2419091
794982 794983
1396853 1531295
697343 820024
1301274 1368173
467830 1083974 1441647 1854760
1232806 2546754 2556532
2004207 2553048
358607 1707437 2100009 2100019 2462098
1410438 1449997 1450034
1848590 1958276
1159575 2012205
1041755 1320388
1083482 1271698 1593079
1354936 1644797 1788751
1227752 1229130 1304781
334681 334736
1483114 1621717 1695511 1701157 1945853 2064794
67981 2292998
1579226 1579446
1202369 1204431
1264108 1265232
1186006 1186254 1667495
1486223 1486261 1486314 1486428
1383382 2340115
1172385 1172401 1172404 1214919 1441525
1265117 2517191
1316161 1385510
1138604 1265526 1351158 1462603
1534269 1857165
1065971 1934103
1277739 1442487
1014358 1392808
1516501 2380398
1062079 1336017
1648785 1870736
836777 1262946
838770 1987290
1369836 1416302
1843287 1843299
1640795 2089138
1169789 1187255
1067209 1759605
2130613 2130615
1819164 2071749
1429992 2127917
1370675 2389008
1537965 1825339
563660 1787001
2112472 2314698
1179519 1322537 1676273 1687180 1773230
998979 1027166 1178303 1210987 1413910 1414105 2455345
1379100 1498579
2003041 2003043
1030925 1227064 1673829
1580866 1597063 2339807
1341033 2131626
1228539 1563637 1592572 1592626 1619007 1676011 1722406
1037988 1806168
68246 420365 521762 653991
1459618 2116302
1144251 2596959
1267305 1268840
1340160 1569625 1667595
1012335 1187117 1456281
551802 827141
2264126 2408713
1154430 1849158
1818874 1820041
694749 1360315
1057820 1354396
1413636 1413656 1413954 1648524 1652657 2091078
796428 980804 1264493
1286494 1808454
1246171 1412042 1453925
1047810 1277791 1586224 1597141 1831226 2073830
1030519 1300997 1429804 1705429 2522474
1045485 2086442 2087025 2087257
1520213 1872285
1230057 1266339
1577051 1607085 1622736 1855375
816173 1975485
1755204 2126545
1302303 1657547
1861486 1861579
1552999 1652579
1108869 1493292
1236745 1833533
1190701 1384209
813050 2130552
478985 726212 1180596 1501304 1613106 1668790 1918710 2485953
1193934 1405596
1549278 1549691
1591834 1632924 1714048 1817966
1571250 1801049
1121603 1421283 1499370
195543 1369501 1712127
1153529 1153551
1305273 1861278
1358496 1873650
43516 1676335
1554053 1574319 1688607 2255972 2256076 2437726
364412 1004442
1407956 1622817
987890 1536221
1076073 1256239
1025794 1044566 1175070 1193340 1393300 1622287
1289515 2027891
451327 2214181
