664 41740
664 50398
664 50401
664 50413
664 50461
11341 485029
30247 282556
30247 539959
30297 825460
30297 825498
12920 122202
12920 163688
40704 486748
40704 787110
41740 122202
50401 2011746
55710 2072719
55710 2072808
55710 2072811
55710 2072891
55716 1077961
55716 1221690
55716 1258307
55971 1705098
55971 2075963
42164 370067
42164 998926
42164 999096
42519 43604
42519 1011855
42519 1040624
42519 1245334
42519 1349542
43527 1842922
43527 1843202
43604 560507
43604 1013372
43604 1494886
43604 1500221
43604 1780518
48452 1033043
48452 1994391
48452 1994848
48945 129737
48945 1998601
48945 1998610
65257 2255956
61032 292045
67393 132453
67393 303303
72829 402176
72829 402178
72829 402180
74345 173099
84243 295537
81527 83368
81527 819778
81219 2462000
81219 2462021
81304 1996068
81304 2475436
81304 2475487
92199 182119
86748 892760
121534 143100
121534 143242
121534 803584
122202 234887
122202 743843
122202 762475
122202 920291
119358 166060
124942 733982
125191 2279642
131107 131138
131107 166060
142843 503868
148063 432207
148063 916376
148063 2014355
148063 2247310
148063 2356339
143242 815110
143100 892760
148725 246341
153716 758505
151649 710931
159318 597269
162277 849128
165694 167551
165694 199931
165694 609959
170007 1993319
183192 406141
196006 2267190
198052 2380881
209276 1403203
206742 244707
227573 2016169
224212 2454435
234887 303303
234887 743843
234887 783460
239081 445596
250421 324769
250421 543944
250421 543945
250421 543946
250421 680816
241763 250421
241763 324769
241763 543944
241763 543946
241763 569283
241763 680816
242947 2422016
242967 2443740
248596 446353
248596 2234806
248981 1846481
249312 1838881
249383 1438756
249383 1569901
249511 2070286
249526 1978919
249526 2477720
264433 539965
262079 280204
262079 539965
262079 1967611
264967 300721
264967 864193
282545 282556
282545 406141
282556 928396
282556 2301867
282590 450578
295420 337918
295420 380863
299178 1632902
295813 795900
300721 402673
305698 2413859
306978 1241477
324769 543944
324769 543945
324769 543946
337918 380863
346952 827485
346952 1940331
347711 2290887
350144 834286
353286 1040624
353286 1145980
353286 1245334
353286 1298755
354491 2594863
355196 1215994
356523 356864
356523 1765648
356816 995416
356816 1145731
356816 1172905
356864 479440
356864 838097
356864 991272
356864 1006485
356864 1010174
356864 1010269
356864 1011010
356864 1011855
356864 1030928
356864 1035423
356864 1048985
356864 1073691
356864 1083533
356864 1096694
356864 1122824
356864 1128914
356864 1253099
356864 1306082
356864 1521372
356864 1649173
356864 1780518
356864 1867721
357091 1008436
357091 1511893
357091 1852738
357091 2081080
357545 1612332
357838 1674658
357838 2113341
358518 1219738
358518 1220241
358518 1753539
358569 1218541
359066 1056238
359066 1106732
359878 377386
359878 1006184
359878 1412713
360123 1037865
360123 1084666
360123 1245875
361134 1176984
361134 1178416
361812 1719653
361812 1788626
361812 2117686
362079 1173452
362079 1703233
362079 1719653
364039 830637
364039 1949595
364039 2268075
364039 2456017
365063 369145
365063 775942
366576 462276
376829 1536898
376829 1566019
377366 1667763
377386 1006184
377386 1412713
377504 844363
377504 844384
377504 844595
368625 1935260
369145 775942
370067 2160699
370067 2592918
370603 2287394
370762 371348
371689 486882
371689 1132612
398507 2318386
402673 428889
402176 402178
402176 402180
402178 402180
402180 402184
402180 452817
414595 2388418
415946 799175
432207 916376
432207 2014355
432207 2247310
432207 2356339
428889 2010125
442950 442951
446925 1488162
446054 1129532
446353 1555557
448848 1371495
452817 2322780
484100 1819466
458050 990012
453389 1329201
453389 1392270
478919 2483070
479440 1006485
479440 1010174
479440 1010269
479440 1011010
479440 1025224
479440 1030928
457652 1874999
457652 2559755
466535 798333
459948 1115858
459948 1469423
459948 1497940
459948 1722297
460186 1493590
460255 460720
460427 467340
460720 1159549
464122 1730052
463810 1776974
463810 2065649
474316 1052470
474316 1169344
474316 1697274
460889 461112
460889 2549825
460939 1481652
460939 1558075
461112 2549825
474928 1100390
477068 1767539
477068 2261430
462724 1185754
482029 1010945
482029 1035423
482029 1038255
482029 1146110
467628 1540598
482765 2594969
471018 2286314
466420 525447
466420 526597
466420 526668
466420 526689
466420 526690
470141 470192
470141 470624
470192 1872879
470586 1618544
470586 1672928
467340 1256773
467340 2384796
472315 1173467
497175 1161279
497175 1161433
481242 2119334
481369 1303619
481369 1853999
486845 486882
486871 486882
486871 487029
486871 1946862
486871 2383304
486882 487029
486882 1315978
486882 1345402
486882 1946862
486960 487029
487029 1398762
467329 1710735
485545 1297683
486638 2394532
511903 512015
511983 516262
511983 2113079
507555 2467694
516262 1025953
516295 1093033
516295 2498645
510038 850450
512401 1536784
513235 1808902
525447 526597
525447 526668
525791 869733
526597 526668
526597 526690
528248 528746
539965 2397963
545273 684234
545273 1927042
543944 543945
543944 543946
543944 680816
543945 543946
543945 569283
543945 680816
543946 680816
560474 1175334
560474 2090508
560507 1651271
563972 676792
566487 2235837
572856 666409
571147 2454664
577059 1046188
577059 1441402
575442 843723
590012 2043352
597269 1961786
608575 2208158
610807 1481036
609035 2333594
622639 715805
623805 623821
623805 914529
637345 769288
642165 1587572
642165 2470311
646940 2269178
658393 925323
658393 1987851
673059 673100
673100 863229
685336 985385
690810 1776731
690810 1851914
697719 1843767
695103 1685323
695103 1919693
698547 1664580
698547 1854803
726357 1292219
725081 1270631
728050 780102
728050 2514177
729933 1420953
729933 1550297
729481 2016802
732405 799175
756089 779416
756089 796189
756089 1371722
756089 1426614
750438 2201417
757981 2281164
757981 2524565
758560 2223387
778200 1371106
778200 1991429
778594 1005967
778594 1413489
778594 1413637
778594 1681689
778594 1707703
778686 1329381
778686 1344082
780012 1048074
800892 2523231
800905 1096694
800905 1652596
800905 2341387
796079 1977678
796189 1127325
796189 1575631
796189 1873903
798942 1923368
804106 1108998
804106 2174478
803584 2576878
803584 2587184
806516 1345407
806516 1554656
811770 1703292
819778 1039822
820141 1596482
820141 1650665
824878 824903
824878 1240731
824903 1250832
825026 1847315
822704 2492954
822404 1999297
824248 1258305
824248 1791552
830637 1949595
830637 2268075
830637 2456017
830666 2173910
831255 844377
831255 1047205
831255 1788045
831929 2498446
833393 1940331
835049 1101814
835049 1949627
836971 1654039
837182 1249491
837565 1267517
837565 1731626
837868 1189648
837868 1581965
837868 1581971
837868 2340355
838097 976086
838097 1052470
838097 1317202
838097 1594666
838097 1657468
838385 1093033
838790 1328190
839079 1101814
839079 1168841
839079 1935610
839079 1949627
839079 2360289
839079 2557949
844260 844299
844274 1864762
844299 844458
844363 844384
844363 844595
844377 844413
844384 844595
844458 1493193
844691 1276787
844691 2134215
844691 2189335
864541 1710748
861747 1282116
866895 869733
881304 925323
881304 925325
881304 1987851
879494 2522642
886481 1974750
894547 2443740
892760 2371261
916376 2247310
916376 2356339
920354 2342828
929583 2301867
925323 925325
925323 1987851
925325 1987851
962363 1223390
976086 1245875
976181 2212134
976585 1267517
976741 1072389
970340 1305923
970781 1230822
970781 1309145
970781 1582632
970910 1109442
970910 1575659
970984 2064107
977655 1915016
980344 980558
985347 2345007
985385 2345007
987403 1567453
987403 1846127
987621 1131527
987621 1170270
987621 2202669
988080 1002509
1019375 1307720
1019375 1375715
1019375 1649306
1019375 2127623
1019375 2427175
988156 997473
1099541 1119528
1099552 1382677
1119946 1324618
995857 2112716
1040554 1362586
1103899 1223590
1245334 1421044
1245334 1603432
1468260 1667606
1172441 1530029
1065118 2433715
1066352 1266582
1066352 1675650
1066352 1870758
1066556 1150106
1066556 1459861
1066689 1267444
1066689 1720476
1066689 2128136
1066978 1145731
1066978 1406081
1067127 1283112
1067535 2544843
1067577 1623057
1038706 1066556
1038706 1635826
994460 1104813
994460 1571067
994460 1696944
994896 1095551
1219738 1220241
1219738 1370681
1219738 2558326
1219818 1368296
1219818 2106886
1219818 2107058
1219818 2596012
1220072 1844980
1220127 1220241
1005967 1456420
1005967 1707703
1006059 1021035
1006184 1412713
1006322 1062647
1006322 1665640
1006322 2188672
1006449 1812627
1006485 1030928
1006485 1127491
1006485 1521736
1006485 1636886
1006495 1574911
1006563 1552870
1006899 1013779
1006899 1035663
1006899 1464163
1006899 1529960
1006954 1147737
1006954 2288115
1007708 1214160
1007708 1528205
1008064 1072985
1008064 1233147
1008436 1370264
1008436 1511893
1008436 1852738
1008436 2081080
1010019 1011687
1010065 1019375
1010065 2127623
1010065 2427175
1010174 1010269
1010945 1678789
1010945 1872879
1011010 1687375
1011094 1341674
1011398 1419104
1011398 2129242
1011687 1039825
1011687 1053784
1011687 1130788
1011687 2456592
1011855 1460308
1011855 1554569
1012186 1033402
995416 1145731
995416 1468422
1025172 1455923
1025905 1593066
1025905 1597392
1025905 1636600
1025905 1686843
1026250 1239425
1026250 1630050
1026250 1736145
1026497 1181691
1026497 1707452
1026550 1712657
1026786 1108227
1027484 1718421
1028052 1305147
1028216 1293751
1028559 1782417
1029911 1230992
1029911 1425774
1030298 1171583
1031041 1755863
1031869 1238201
1031869 1336838
1031869 1341646
1031869 1746409
1003368 1067535
999096 1631734
999096 1703289
1013372 1102423
1013372 2069295
1031590 1056238
1031590 1072985
1031590 1400687
1031590 1564973
1031590 1866238
1032340 1050083
1042938 1227732
1075446 1133842
1075446 1667484
1075446 1811489
1075787 1799143
1256516 1631734
1256516 1703289
1256625 1329381
1256773 1550263
1257515 1385938
1257683 1377514
1257683 1662026
1258183 1296125
1258767 1784532
1159664 1758938
1231685 1231967
1231934 1231967
1231934 1779619
991272 1218541
991272 1867721
1096694 1314616
1097208 1495960
1025953 1120037
1025953 2139420
1026526 1061550
1026526 1214719
1026526 1239425
1026526 1283112
1026526 1458172
1026526 1736145
1026927 2522642
1027017 2492954
1028431 1784058
1028496 2492941
1029560 1159549
1029560 2073233
1031339 1249509
1031339 1587824
1031339 2103365
1032197 1558075
1032513 2599371
1032730 1706838
1032730 2145933
1032957 1198715
1033043 1176083
1033043 1302632
994660 1194360
1040624 1173913
1040624 1521231
1123489 1280737
1123791 1582198
1123888 1565899
1123888 1585577
1123897 1249734
1125232 1421700
1125349 1176083
1125349 1322881
1125349 1488162
1125624 1753491
1125624 1800565
1039637 1375311
1039637 1444494
1039637 1444833
1039637 1460702
1039637 1550263
1039822 2593293
1101717 1108770
1101717 1219818
1101717 2596012
1101814 1168841
1101814 1935610
1101814 1949627
1101814 2360289
1101814 2557949
1102015 1820488
1072985 1400687
1072985 1564973
1072985 1866238
1072985 2079123
1211223 1602871
995303 1320914
995303 1489900
995499 1049299
1079213 1276006
1079539 1246853
1079539 1308515
1079539 1342283
996378 1219738
1054722 1353955
1054722 1780944
1083910 1176083
1083910 1879238
1101220 1517333
997473 1109382
997684 1102015
997684 1819767
1046767 1268865
1046767 1834016
1046767 1849614
1046767 1973342
1002105 1361681
1002105 1783991
1077961 1543927
1077961 2119424
1150106 1459861
1464163 1568220
1034564 1115023
1034564 1703442
1035343 2083568
1035423 1227732
1035423 1401947
1035663 1273664
1035663 1315650
1035663 1461861
1035663 2598421
1036390 2155428
1036390 2233923
1036641 1345750
1001503 1026786
1002711 1721099
1109815 1383290
1109815 2087285
1042651 1444199
1042651 2488989
1042651 2598056
1177002 1318281
1178438 1521736
1178438 1825610
1178438 2125775
1050654 1153890
1050654 2167876
1052296 1409151
1052470 1305924
1052996 1054345
1053009 1292232
1053009 1362997
1053009 1405514
1053009 1633228
1053461 1873020
1053733 1064140
1053733 1483566
1053733 1668933
1053784 1053811
1053784 1419697
1055343 1077961
1055343 1568443
1055893 1716429
1047480 1481652
1119113 1119423
1019079 1258892
1019079 1266602
1039755 1327295
1039825 1257683
1039825 1429670
1040204 1826695
1037722 1376412
1037722 1449275
1037722 1638281
1037722 2109908
1037865 2115782
1038255 1469423
1038255 1816231
1277246 2432416
1121834 1617457
1044032 1430432
1044472 1173791
1045008 1624669
1045712 1304842
1045712 1647057
1045808 1636508
1045868 1638500
1045868 2596163
1045999 1393553
1046025 1046767
1046025 1268865
1046025 1834016
1046025 1849614
1046025 1973342
1046079 1575767
1046188 1441402
1046188 1702413
1046481 1255862
1046485 2510797
1046737 1049673
1046737 1983343
1047205 1458195
1047205 1867433
1048985 1442019
1048985 1597614
1048985 1678789
1048985 1879381
1049673 1983343
1050083 1273664
1050544 1318055
1053961 1380010
1053961 2188735
1056238 1376963
1056238 1593331
1056238 2065738
1056238 2068089
1056238 2530885
1118101 1875587
1091211 1127701
1091211 1820488
1058794 1059204
1059131 2261430
1111901 1228623
1111901 1397032
1061550 1214719
1036933 1173452
1016863 1297156
1016863 1862139
1016863 2134863
1016863 2305259
1088886 1345750
1021035 1084047
1084756 1844980
1084756 2037208
1084756 2067611
1084756 2086758
1084756 2349045
1014793 1529940
1014793 1640969
1014795 1837368
1137580 2287636
1138065 2328379
1021380 1811637
1021380 1811707
1104274 1601677
1104361 1722216
1104361 2455354
1017168 1305458
1070746 1188848
1070746 1610652
1144028 1146480
1154722 1229652
1156199 1238044
1156927 1497698
1157738 2488989
1043150 1620115
1043150 1666068
1043150 1877838
1060045 1136267
1060373 1360704
1060373 1799589
1159549 2455371
1039289 1382248
1040734 1173905
1040734 1230992
1371106 1534941
1371106 1991654
1089465 1100771
1089465 1462979
1073691 1345750
1139745 1229002
1139745 1481036
1139745 1612217
1139745 1638065
1132420 1371134
1132494 1132612
1132499 1777525
1132503 1318530
1132503 1759828
1132564 1350614
1132564 1350717
1086765 2599371
1087050 1348923
1128914 1215156
1095551 1199299
1127701 1819767
1388732 1473114
1389435 1499285
1389435 1510687
1389435 1587536
1136262 1351078
1136267 1361221
1184343 1326153
1184343 2038424
1184458 1682669
1184458 1718058
1184458 2123487
1184458 2123508
1104839 1816378
1104839 1873903
1115858 2112217
1116033 1441769
1285291 1486891
1057947 1712295
1057947 1712319
1057964 1768709
1058126 1072985
1170270 2202669
1296687 1918277
1296687 2282871
1297062 1297156
1297062 1737494
1297062 2305259
1297156 1737494
1297156 2134863
1297156 2305259
1275623 1668880
1113859 1698518
1087419 1087799
1087419 2174478
1087497 2153024
1080861 1425573
1080934 1081238
1081377 1425573
1217073 1304784
1083533 1318281
1083533 1400967
1142117 1579408
1168559 1392450
1168573 1168768
1168606 1199518
1168606 1222760
1168647 1552870
1168647 1770300
1168647 2469502
1168841 1935610
1168841 1949627
1168841 2360289
1169344 1318281
1081724 2381105
1075541 1380224
1075541 1635812
1075541 1728210
1122824 1267584
1136007 1423917
1136054 1393863
1149877 1534173
1064338 1144164
1064338 1229002
1090377 1298962
1120054 1144635
1079504 1869644
1108770 1219818
1108770 1368296
1108770 2596012
1108998 1296687
1108998 2069295
1108998 2095815
1216109 1536098
1287639 1422384
1287639 1509003
1287639 1515475
1287639 1864965
1096254 1096450
1096254 1096504
1096254 1410735
1096450 1410735
1096504 1364692
1099791 1127450
1099791 1903851
1100376 1707799
1100376 1799143
1100771 1427368
1114842 1186364
1164910 2428626
1297683 1481652
1298114 1611787
1298609 1413489
1298609 1554567
1298609 1600112
1298755 1773451
1300962 1330006
1105820 1140379
1282116 1523401
1282116 2599371
1104813 1571067
1104813 1696944
1104813 1901236
1163650 1168647
1163650 1552870
1163650 1776694
1163650 2469502
1171689 1811917
1171689 1816560
1202479 1278214
1202479 1278976
1278214 1278976
1278643 2350434
1278677 1280347
1278677 1281630
1278677 1575631
1278806 1305029
1278806 1576530
1278806 1825610
1278806 2433474
1278806 2526757
1278976 1389047
1280347 1281630
1280347 1707703
1280370 1712304
1280370 1712319
1280370 1779469
1280554 1370468
1097972 1098242
1097972 1376963
1164381 1176083
1153842 1153870
1153842 2510562
1153870 2123538
1153870 2510562
1153890 1153951
1153951 1411552
1120663 1795771
1121565 1258892
1121565 1910654
1370264 1852738
1370264 2081080
1376412 1638281
1190131 2197094
1223125 1538217
1408642 1507653
1420503 2463722
1428795 1429955
1492283 1512061
1493784 1512572
1493784 1516272
1493784 1626417
1493865 1564572
1494886 2093962
1494886 2595360
1497179 1509003
1497264 1512557
1498009 1818487
1499453 1623719
1499643 1509974
1502157 1845517
1505419 1506588
1509003 1515475
1509003 1864965
1509983 1585688
1509983 1876526
1510687 1587536
1511893 2081080
1513856 2038126
1513856 2350062
1514939 2139842
1093033 1387757
1093033 1623999
1090598 2262715
1350954 1351078
1152705 1286417
1152705 1416072
1152705 1825610
1416072 1837368
1153400 1666185
1153400 1879238
1369529 2354053
1106161 1193883
1106161 2544857
1090356 1473705
1090372 1596012
1109382 1531763
1109695 1457166
1110050 2264135
1110569 1816231
1255556 1528205
1255556 1528677
1255573 1705098
1114876 1115359
1115051 1115210
1115051 1115359
1115210 1574762
1115359 1840108
1141154 1194573
1141154 1345750
1142074 1244466
1142139 2081636
1142246 1489900
1142566 1420968
1142909 1459759
1143279 1230822
1143640 1961100
1143993 1255559
1144635 1145980
1144635 1684487
1144900 1315845
1144900 1574662
1145406 1462909
1145543 1708289
1145731 1459759
1145752 1631414
1145752 2079123
1146024 2425460
1146110 2155428
1146195 1302632
1146195 1449893
1217017 1856573
1345873 1360704
1345873 1731626
1127491 1760419
1127491 1853336
1189966 1658457
1189966 2264157
1190450 1329847
1211770 2028111
1211959 1308628
1212600 1483671
1212600 1875587
1213507 1863065
1214160 1422872
1214206 1472606
1214719 1458172
1215156 1263996
1215412 1775897
1215523 1566933
1215887 1525627
1216816 1241477
1216816 1866238
1216816 2225146
1216933 1644311
1218541 1270031
1218541 1818794
1131216 1183246
1131216 1337065
1131216 1703442
1131216 1962592
1131315 1427823
1131527 1427823
1131527 2202669
1131783 1470955
1132154 1616691
1132154 2261430
1154280 1318281
1199213 1406453
1199236 1828441
1199571 2027676
1200109 1365645
1200109 1365798
1200557 1314616
1200557 1329201
1384098 1384267
1400967 1504399
1195134 1525817
1195134 2127711
1195569 1199889
1195899 1196401
1198991 1199518
1198991 1233316
1199299 1637420
1199518 1222760
1199518 1233316
1199729 1777196
1200683 1697193
1202954 1435829
1202954 2113942
1203120 2186906
1203178 1415708
1203626 2525441
1204945 2521979
1205723 1206170
1206108 1475946
1207556 1208047
1209317 1472496
1121889 1456104
1172009 1193883
1135585 1845678
1135585 2117005
1159088 1319081
1227732 1376963
1227732 1537133
1238201 1238735
1238370 1345750
1229002 1247179
1277041 1497921
1277041 2502778
1345692 1838328
1345692 2526757
1383364 2132036
1383364 2492954
1317171 1325885
1317171 1773658
1317171 2379676
1317202 1594666
1272947 1318055
1171139 1624617
1152390 1233316
1152390 1509610
1152979 1642484
1228897 1497921
1366509 2077536
1518324 1662259
1245875 1551367
1133842 1593331
1161279 1161433
1134213 1134316
1367140 1672928
1134652 1737625
1633125 1759828
1127325 1497921
1127450 1521136
1127522 1336655
1230992 1649241
1230992 1866238
1147737 1194573
1147737 2288115
1162497 1500637
1219474 1376480
1219474 1543879
1219474 1574475
1223590 1877838
1239376 1443209
1239389 1703292
1239389 1703513
1239389 2234586
1239425 1630050
1239425 1736145
1240193 2141941
1240630 1849003
1240731 1696532
1240889 2234487
1241074 1253099
1241081 1318682
1241081 1436698
1241160 1639095
1241477 1292232
1242170 1575610
1242170 1936574
1243039 1808357
1243039 2121989
1243039 2166849
1243789 1471136
1189485 1189516
1189512 1189543
1189605 1617457
1394543 2116525
1394672 1571274
1394672 1599026
1395168 1494886
1395168 1575145
1395168 2093962
1395168 2595360
1337065 1360704
1189597 1407449
1189597 1568959
1189597 1710485
1189597 1710496
1189648 1581965
1189648 1581971
1189648 2340355
1189758 1315650
1189758 1572108
1189758 1593498
1189758 1597208
1189758 2384170
1189758 2384281
1190146 1297683
1190470 1365273
1190470 1688115
1190902 1457663
1188848 1610652
1181678 1354920
1181691 1291650
1181691 1682077
1349542 1774060
1349542 1776769
1184900 2307221
1184997 1562379
1185118 1919693
1185205 2101964
1183157 1316162
1183157 1412012
1163730 1537346
1164390 1239450
1164415 1290242
1164415 1371722
1164415 1623057
1164415 1873903
1165460 1672379
1166282 2544857
1405742 1564151
1405742 1722633
1187100 1692771
1292232 1321914
1368296 1820404
1368958 1755306
1368958 2477923
1369186 1389982
1370468 1844137
1371134 1497921
1371219 1575610
1371495 1487556
1371495 2124306
1371722 1652539
1371722 1873903
1372593 1618985
1372951 1662687
1372951 1711677
1372951 2549294
1372951 2549449
1372951 2552195
1372951 2553583
1373462 1375809
1373633 1761201
1373633 2153580
1375715 1462909
1376403 1481047
1376403 1612217
1376480 1543879
1378289 1493784
1378289 1512572
1378289 1845517
1379910 1754809
1380010 2188735
1380806 1640862
1227171 1657342
1227171 1923368
1227293 1687822
1227293 1703324
1227445 2108903
1227445 2553316
1227519 1245334
1227519 1421044
1227519 1555002
1227547 1571048
1227601 1404959
1227601 1893219
1228401 1624617
1228497 1458534
1228623 1564973
1228866 1230078
1228866 1265676
1228866 1876077
1229434 1404522
1230190 1793406
1230496 1575610
1230822 1667484
1326504 1464163
1326504 1936574
1171687 1877838
1289323 1719855
1186713 1285186
1186713 1413547
1292868 1593718
1292868 1770641
1292868 1776619
1292868 1853914
1293194 1681671
1293349 1575659
1293751 2108726
1328203 1331242
1329201 1481911
1329201 1616691
1329381 1344082
1330084 1829773
1330215 1608522
1330266 2562200
1330716 2068604
1331028 1414372
1331273 1610006
1333793 1510687
1333793 1673442
1336526 1497921
1336526 1698518
1336526 2172358
1336838 2448807
1361681 1509983
1361681 1528677
1361681 2188249
1362423 1628705
1362997 1633228
1362997 1805134
1364859 1923008
1172905 1598157
1172905 2117686
1173350 1173653
1173452 1298962
1173452 1444199
1173653 1408747
1173653 1451874
1173653 1599519
1173653 1856949
1173660 1760419
1173744 1291762
1173930 1218541
1174385 1868140
1176083 1245334
1176083 1298755
1246531 1341674
1246531 1430878
1246531 1667763
1235895 2085479
1390680 1797547
1390680 2085539
1390680 2230621
1390680 2455595
1283427 1499251
1210429 1210997
1210429 1404959
1210997 1404959
1247179 1248173
1247179 2090673
1247192 1336017
1247668 1487040
1247668 1591155
1247753 1790653
1248173 1674707
1248886 1320964
1249012 2285120
1249509 2103365
1250832 1481652
1250832 1682077
1250832 1713486
1316162 1412012
1327317 1822967
1402025 2108527
1402025 2112217
1479538 1506588
1479538 1805347
1656663 1750154
1194069 1551393
1194360 1903851
1194573 1483566
1194573 1789025
1566418 2225146
1414244 1425114
1414244 1686396
1414244 1687560
1414244 2115449
1414244 2354053
1414244 2470130
1348923 1536784
1470955 1471085
1470955 1855807
1362716 2074114
1543879 1574475
1543952 1545568
1544772 1810503
1546329 1666502
1292158 1682968
1292158 1822967
1292158 2261666
1193798 1521372
1193798 1737404
1273586 1347570
1273664 1416469
1341655 1843202
1342002 1344082
1342002 1375879
1342806 1678570
1342806 1678848
1342806 1708289
1342806 1996068
1342959 1472600
1419594 1789025
1419594 1882722
1419657 1556583
1419697 1615541
1262711 1265490
1263150 1421810
1263996 1264637
1263996 1267517
1264120 1439534
1264179 1973611
1264249 2114281
1264637 1268437
1265676 1840827
1266582 1318530
1266602 1300488
1267444 2122365
1269928 1315845
1269928 1574662
1224740 2598421
1225323 1802561
1225355 1225639
1284286 1651606
1284286 2235013
1221748 1467342
1221748 2359098
1300006 2260730
1301413 1662687
1301413 2394156
1301413 2549452
1302314 1323228
1303187 1876526
1304052 1337065
1304842 1628365
1305029 1576530
1305029 2526757
1305397 1444494
1305397 1604649
1305923 1424827
1305923 1469423
1305923 1708999
1305923 2409203
1305924 1614656
1305924 1710485
1306082 1568443
1306082 1577788
1306082 1649549
1307779 1655614
1308515 1686668
1308515 2100844
1308628 1613249
1308628 1722297
1308628 2099686
1308628 2537128
1309145 1483566
1276006 1389062
1276006 1507420
1276006 1509025
1276006 1646314
1276787 2134215
1276787 2189335
1222272 1460591
1222321 1657468
1222321 1845657
1232924 1636553
1233147 1686668
1233316 2127711
1234553 2072303
1291506 2081080
1291762 1435094
1291762 1960992
1291762 2512049
1274782 1274879
1416940 1643423
1416940 2379438
1387668 1387757
1387668 1387874
1387757 1387874
1387757 1674518
1382654 1805498
1382677 1712319
1271692 1500451
1271692 1788613
1311269 1673361
1311269 1852383
1345750 1366856
1345750 1428614
1541722 1541726
1541722 1625703
1541726 1625703
1413353 1413637
1413353 1707703
1413489 1413547
1413489 1413570
1413547 1413570
1413561 1649530
1413561 1958205
1413637 1707703
1444719 1460308
1444719 1845163
1444719 2230621
1284879 2502778
1318530 1376480
1318530 1726211
1318530 2091158
1318682 1720803
1319081 1648564
1270631 1365273
1313413 2068238
1313441 1377873
1315650 1348923
1315650 1536666
1315650 1572108
1315650 1593498
1315650 1597208
1315650 1788613
1315650 2384170
1315650 2384281
1315654 1630777
1315654 1694961
1315654 1745427
1315845 1574662
1315928 2027951
1315928 2595360
1315978 1345402
1315978 1345407
1315978 1535561
1316820 1320964
1318055 1596205
1318595 1576633
1320521 1704763
1320856 1402025
1320856 2108527
1321679 1829729
1322881 1551393
1324037 1788613
1324053 1769441
1324053 1804788
1289809 1377514
1310099 1327317
1310099 1342959
1310099 1520527
1310163 1313853
1310489 2127769
1254635 1568800
1254635 1595560
1254635 1853665
1549927 2530016
1254486 2583189
1286590 1286644
1286644 1293194
1392350 1397486
1392384 1444494
1392384 1639906
1392450 1677649
1394996 2594970
1398478 1534802
1325885 2379676
1325960 1382256
1325960 1543927
1326153 1636508
1326153 2444975
1317620 1601625
1317620 2460472
1318213 2343416
1318281 1437820
1318281 1682968
1321083 1332215
1321083 1678019
1321083 1707559
1275272 1659989
1275272 2183446
1283112 1946862
1375311 1533909
1375311 1876520
1345402 1345407
1345402 1398762
1345402 1535561
1345407 1767389
1529940 1640969
1529960 1536666
1529960 1718058
1529960 1866238
1353736 1743025
1290242 1371722
1290242 1652539
1405934 2122010
1339326 1393253
1339326 1574698
1339326 1603423
1339326 2256103
1294204 1294584
1380224 1635826
1380224 1636886
1393253 1838328
1393253 2261430
1453162 2425460
1332830 1332863
1365645 1365798
1365645 1491180
1365645 1665597
1365645 1804240
1365645 2266837
1365798 1665597
1365798 1804240
1365798 2266837
1371937 2430442
1439986 1450966
1440169 2120096
1497921 1574698
1441402 1702413
1426995 1516272
1427072 1773451
1418592 1418593
1339515 2356540
1339634 1443168
1339634 1813528
1341646 1746409
1341674 1430878
1351763 1444199
1351763 2139620
1383290 2087285
1340217 2349045
1403560 1682179
1343876 1467331
1359539 1627034
1359649 1359795
1359649 1359824
1359795 1359824
1462909 1788626
1487040 1591155
1487696 2192994
1356036 1874072
1357360 1443168
1357360 1813528
1358285 1988976
1358505 1846127
1435829 2113942
1435964 2394315
1500612 1638069
1433659 1622622
1389062 1507420
1360103 1364164
1360612 1859683
1360704 1623699
1363472 2498645
1363903 2234806
1399923 1894456
1424464 2230621
1424464 2434687
1425155 1562990
1425155 1624617
1425155 2180724
1425155 2596040
1425210 1432716
1425813 1600110
1426614 1520255
1429670 1461861
1429670 1572717
1429670 2183387
1442019 1597614
1442019 1879381
1442968 1443221
1442968 1698014
1443168 1813528
1443221 1698014
1444146 1556073
1444199 1814135
1444199 1823837
1463833 1537381
1552614 2343771
1552707 1707703
1552870 1591472
1552870 2469502
1554567 1600112
1556698 1785112
1556698 2106910
1404522 1678570
1404959 1571421
1382256 2128232
1365273 1369077
1365451 1755863
1466746 1777141
1395948 1597714
1396234 2039490
1459759 1798325
1407500 1622704
1613813 2084892
1453523 1692652
1453523 1692655
1453523 2328379
1453523 2597103
1558075 2308294
1449275 2109908
1400687 1529960
1400687 1564973
1400687 1866238
1405514 1633228
1408747 1599519
1630368 1649173
1472496 1713486
1472496 2088334
1472600 2339219
1472600 2339299
1412194 2497874
1437840 2133990
1437973 1703651
1438082 2408714
1406453 1961100
1406453 2169096
1407405 2106910
1407893 1624395
1407893 1889524
1407893 2124632
1407893 2173040
1419104 2129242
1420953 1550297
1420968 1630777
1421044 1555002
1422705 1563062
1422705 1693719
1422705 1702545
1658457 1662026
1528205 1528677
1528677 2188249
1528677 2433474
1560863 1561085
1438824 2056109
1566778 2596844
1483671 1875587
1423917 1631714
1475216 1475220
1441173 1843202
1418821 1946833
1427807 1568513
1427807 1669599
1427823 2202669
1429264 1454707
1429591 1599897
1451874 1599519
1435094 2512049
1534903 1846127
1649118 1651606
1649530 2070286
1645931 2103024
1646121 1869395
1481036 1638065
1456012 1762684
1456931 1795538
1457298 1688449
1458945 1509983
1482164 1703442
1534941 1652539
1439534 1497179
1439534 1801368
1432744 1516378
1647741 1801449
1538423 1688449
1538423 2128232
1539844 2502778
1436698 2300256
1446553 2186906
1583818 2356540
1603423 2256103
1467956 1468017
1586595 1942282
1586595 1942435
1586595 1942496
1586595 1942657
1586595 2086758
1587273 1640765
1587572 1644749
1587572 1644888
1587572 2593135
1593066 1597392
1593066 1686843
1593282 1818068
1593282 1870093
1593282 2308475
1593498 1597208
1593683 2064107
1593718 1770641
1593718 1853914
1594352 1859974
1594549 2433715
1594666 1638735
1595560 1853665
1596482 1650665
1596520 1687632
1597036 1604889
1597036 1874072
1597392 1686843
1597760 1799143
1598157 2117686
1598668 2410358
1599033 1941542
1599324 1870084
1599324 2074114
1599324 2537026
1600080 2467298
1600112 1703442
1601108 1839718
1601234 2085479
1602825 1823080
1604045 1702420
1684487 2287636
1684701 1871930
1604638 1604649
1604638 1604760
1604760 1745427
1644749 1644888
1644749 1671131
1644749 2593135
1644888 2593135
1460308 1845163
1460562 2084724
1460702 1460718
1459861 1635826
1534497 2557248
1534497 2557689
1534497 2558326
1472091 1642484
1533120 1636621
1493193 1540004
1493193 2308294
1564151 1722633
1564469 1761664
1519130 1628266
1614656 1614669
1614669 1614840
1535286 1583818
1481911 1612677
1481911 1655300
1616072 1616148
1616072 1616303
1616072 1616342
1616148 1616303
1616303 1616342
1566376 2435542
1520255 1523110
1520527 1735203
1521283 1668880
1521524 1833381
1521595 1852575
1521736 1636886
1521941 1787036
1521941 1814135
1521941 2509507
1523401 1576743
1523401 1647741
1523401 1801449
1524356 2097082
1524804 1980504
1526336 1570926
1612945 1776619
1612945 2469502
1531763 1551469
1531763 1816231
1512190 2476809
1537133 1625925
1540096 1622622
1540096 1666868
1516980 2118457
1574381 1851914
1574381 2225146
1574762 1823544
1574819 1720476
1575145 2595360
1575631 2166849
1576633 2116525
1576914 2131175
1576962 1842469
1547733 1547824
1547733 1547952
1547733 1547977
1547824 1547952
1547824 1547977
1547952 1547977
1551692 1728210
1548732 2593020
1614333 2108669
1611062 2383341
1611503 1703324
1611503 2079864
1564973 1866238
1555557 1642703
1555557 1718230
1555557 2502999
1662259 1710485
1726211 2512546
1567900 1776694
1568220 1643242
1568800 1595560
1568800 1853665
1568959 1710485
1569253 1852456
1569253 2598272
1569901 2379532
1570657 1937736
1571048 1571064
1571064 1611062
1571274 2019311
1571703 1639906
1571703 2350028
1571711 2064147
1571761 1713039
1572108 1577603
1572108 1593498
1572108 1597208
1572108 2384170
1572108 2384281
1536720 1784390
1662505 2067482
1662687 1711677
1662687 2394156
1662687 2549254
1662687 2549266
1662687 2549294
1662687 2549449
1662687 2549452
1662687 2552195
1548318 1582632
1613311 1745427
1574271 1575222
1566606 2184285
1592389 1917878
1682361 2077612
1563884 2130743
1565899 1585577
1563062 1693719
1563062 1702545
1563062 1873081
1567453 1846127
1748174 1748193
1563252 1722216
1563252 2455301
1563252 2455354
1563584 1811637
1563584 1811707
1609464 1673442
1592146 1958205
1631714 1825377
1631714 2084838
1572901 2077723
1573034 1730052
1581965 1581971
1581965 2340355
1581971 2340355
1622179 1801368
1622602 1622704
1622622 1626394
1622622 1666868
1622851 1636553
1623999 1736827
1624395 2124632
1626417 1776502
1626417 1776810
1628332 1628338
1604889 1740099
1604889 1874072
1703781 2137203
1692652 1692655
1692652 1712481
1692652 2597103
1692655 1712481
1692655 2597103
1643942 2466427
1643602 1643611
1716429 1819767
1657468 1845657
1628365 1647057
1636575 2118587
1636600 1686843
1637289 1643549
1638281 2109908
1638500 2596163
1638504 2100844
1638563 2147273
1639095 1640015
1639126 1666868
1639126 1670569
1639582 1819861
1639906 2350028
1641177 1834507
1641177 2146506
1642328 1780518
1642328 2064147
1642484 1780460
1642703 1718230
1659989 2183446
1630050 1736145
1630777 1719653
1708983 1867433
1685323 1919693
1780944 1781319
1655614 1776502
1650352 1949296
1652539 1873903
1685855 1719620
1720482 1835012
1655177 1767682
1655177 1768002
1655177 2521979
1620115 2180975
1631710 1747961
1714324 2132078
1631734 1703289
1717435 1717510
1717435 2124632
1717510 2349867
1668643 1837102
1770641 1853914
1773328 1820587
1773451 2076706
1773658 2379676
1773974 2147917
1774007 1924624
1774060 1776769
1781746 1917878
1678019 1759828
1665228 2341498
1666185 1668845
1669115 2466919
1669517 2448644
1669517 2521979
1711677 2549254
1711677 2549266
1711677 2549294
1711677 2549449
1711677 2552195
1644131 1644155
1644131 1644311
1644140 2174555
1644155 1644311
1671555 2039490
1702413 1702420
1702420 1702598
1703288 2228484
1703292 1703513
1703442 2090984
1673903 1846127
1674658 2113341
1646854 2185395
1672755 1730786
1861645 1861682
1686396 2115449
1678570 1678848
1664580 1665182
1665182 1854803
1868129 1868140
1688449 1692230
1710748 2432405
1710748 2432416
1710496 1728983
1676271 1676445
1681673 1681838
1681673 1681928
1681689 1707703
1681838 1681928
1681838 1682002
1681838 1853518
1681928 1682002
1666847 1797547
1666847 2130743
1667069 1871440
1667157 1699181
1687560 2470130
1687822 1703324
1688327 2308294
1800451 1800726
1800467 1978919
1800673 2593575
1692051 2127623
1692051 2427175
1718154 1784136
1682669 2123487
1706838 2145933
1729723 1829816
1729723 1859882
1730412 1831285
1737494 2305259
1708999 2167876
1694961 1745427
1712481 2118457
1712481 2597103
1712295 1712319
1712295 1779469
1712319 1779469
1754623 1861858
1705102 1876520
1705977 2173197
1705977 2263288
1722216 2455301
1722216 2455354
1722216 2455805
1785468 1977677
1779619 1889975
1780460 1824236
1783991 2188249
1746892 1746983
1723584 1955253
1755306 2119585
1755863 2122948
1755918 2067940
1817950 1867029
1753840 1993971
1798384 1798891
1798384 2549620
1798843 2117686
1798843 2598306
1776502 1776769
1776502 1831714
1776769 1776810
1776810 1831714
1823080 2147789
1804240 2266837
1790030 2562331
1788626 2117686
1758909 1776769
1758909 1831714
1787064 2098295
1816231 1820488
1796105 2263173
1791552 1871440
1769441 1804788
1822666 2342135
1822666 2537026
1824279 2172358
1825610 1962592
1767682 1768002
1767682 2521979
1768002 2521979
1797061 1878427
1859336 2346068
1776619 2469502
1849117 1876077
1808357 1924476
1811122 1842840
1819235 2119424
1853518 1866916
1873020 2117928
1873779 2145793
1874592 2432405
1874592 2432416
1874592 2448807
1874592 2464934
1874880 1876651
1875029 2593293
1811637 1811707
1859683 1922568
1865046 1904416
1815810 1815951
1815951 2067940
1859882 1861585
1833381 1834243
1833442 2599371
1834016 1973342
1834507 2146506
1820587 1845163
1818068 2308475
1818068 2443576
1831380 2203313
1845307 2093627
1845367 1846127
1845678 2234179
1846481 1847797
1847315 2134018
1848837 1873947
1876520 2081636
1849614 1973342
1870758 1873779
1870758 2145793
1853936 2110070
1853999 1871930
1852445 1870758
1852445 1873779
1852445 2145793
1852456 2598272
1852738 2081080
1878734 1987851
1894145 2595062
1882221 2388845
1887164 2070286
1885384 2234179
1889524 2124632
1889524 2173040
1893219 1977677
1892721 2443886
1904588 1905223
1912716 1944778
1915130 2169785
1915130 2331425
1924476 2306822
1924797 2084838
1928721 2234183
1928087 1947178
1933544 1936316
1949627 2360289
1949627 2557949
1949595 2268075
1949595 2456017
1953072 1976047
1953237 2121989
1953237 2308294
1933325 2293714
1935610 1949627
1935610 2360289
1935610 2557949
1937761 2553316
1942282 1942435
1942282 1942496
1942282 1942657
1942435 1942496
1942435 1942657
1942435 1942791
1942435 2086758
1942496 1942657
1942496 2086758
1942657 2086758
1942791 2086758
1960992 2512049
1962592 2106788
1962592 2425460
1963157 2263194
1963584 2139423
1955253 2522349
1969667 2269178
1969667 2557460
1983671 2006355
1983671 2214367
1994391 1994848
1998601 1998610
2006355 2214367
2014355 2247310
2014355 2356339
2019311 2134043
2019311 2183461
2039943 2040029
2043472 2331425
2067940 2068089
2067940 2103864
2068089 2103676
2068089 2103864
2103676 2103890
2103538 2103552
2134215 2189335
2075963 2081636
2072719 2072811
2072719 2072891
2072808 2072811
2072808 2072891
2072811 2072891
2069295 2070286
2089554 2486427
2106886 2107058
2127475 2282911
2127623 2427175
2098130 2122948
2085150 2085479
2085150 2085890
2085479 2085890
2085479 2434687
2085539 2455595
2113079 2530885
2097514 2352828
2124632 2173040
2084724 2084838
2084838 2084892
2090984 2123806
2102156 2102200
2102200 2553316
2126484 2126502
2126484 2557248
2126484 2557689
2093962 2595360
2122457 2174182
2133901 2261823
2134043 2183461
2122295 2263170
2123186 2185235
2120096 2597562
2114281 2114323
2122948 2188672
2109304 2274855
2158547 2366736
2155428 2510482
2168581 2169096
2164075 2212134
2168543 2443628
2178083 2178119
2190796 2190878
2194161 2318386
2212134 2221515
2230621 2434687
2247310 2356339
2268075 2456017
2269178 2557460
2269202 2597103
2275762 2359525
2306113 2306116
2312456 2565254
2360289 2557949
2339219 2339299
2339219 2339753
2339219 2339907
2339299 2339753
2354053 2550686
2341498 2408891
2338431 2338508
2338431 2338599
2341950 2342107
2341950 2342135
2342107 2342135
2346068 2502778
2384170 2384281
2394156 2549452
2397963 2506786
2409203 2566798
2432405 2432416
2432405 2464934
2448807 2464934
2455301 2455354
2455301 2455805
2455354 2455805
2451986 2452088
2452849 2511079
2453316 2462021
2456592 2462021
2462000 2462021
2475436 2475487
2529793 2581822
2549254 2549266
2549254 2549393
2549254 2549400
2549254 2549449
2549254 2549614
2549254 2553583
2549266 2549449
2549266 2549614
2549266 2553583
2549294 2549449
2549294 2549452
2549294 2552195
2549393 2549400
2549393 2549449
2549393 2549614
2549393 2553583
2549400 2549614
2549400 2553583
2549614 2553583
2557248 2557460
2557248 2557689
2559755 2559788
2576878 2587184
2596227 2597664
2598882 2598960
