23804 39940
390264 451766
1455 8706
437630 586871
34697 158292
13209 21183 90311 148675 394213 453461
11304 44207 126912 164351
112142 176983 284230 473398
37364 305318
11274 22737
115940 202676
425764 583229
130457 440973
185728 327141
21303 30253
277006 532182
242 29540
506768 506772
96552 150065
72913 365248
276 7202
216888 501857
86305 386967 573918
14460 47618
311520 355937
2711 20328 117306
27330 33393 65502 75563 148614 151413 182177 279292 279300 279306
8170 17823 19159 27414 27416 38101 59041 69474 134516 233096 233098
322139 323355
11853 37250 59765 70122 103446 236287
4389 108503 141953 167882 178673 237862 352001 402953
92304 93053 200118 268038
2076 7859
24663 187310
127747 206916
4109 100405
213332 283345
1024 62895
80205 148824
3322 5961 126420 129281 129293 131574
332669 367250 516511 608122 608123
25733 84644 99856 246547 273820 273834
5571 27139 50484 62745 169934 251083 273257 278273
25320 93965 102793 167752
635 29832
101487 260733 413510 648763
14937 219511
2154 4302 21882 25998 274078
229822 625087
3525 136168
427339 583752
51501 180201 327673
1266 74703
29956 237684 238322
24991 155975 270305 270312 270314
47370 63336 281570 512478 522126
1266 11932 21181 31029 74628 74688 221991
80205 148824
7887 48403 188938
349 756 21773 21847
133814 444498
139076 180730
1713 89982
7878 31220 64029 178453 202987
18046 125384
8763 68272 194652 194660
93992 401228
59609 70144 94637 165450 192996 196333 337243 404348
20445 21158 25719 33606 51269 63514 170033 293557 302759 318100
12367 75280 93053 117306 117412
248542 330688 492191 519629 519717
6752 181663 181676 181683
22785 165564
124153 219295 395775
47522 322277
20713 177680
87893 394394
275249 275254 531473 531474 531477
20221 62341 67446 165531 176005
11810 35430 55165
222168 225624
3797 19404
2186 20105 20596 20982 21017 21049 37354 37873 187400 187428
1912 10635 24804 54528 67304 93665 94511 96508 96521 96546 96559
36314 301525 301544 542282
229412 229413
255683 305327 521885
20034 235552 247833 514062 514064
6944 17858 84175 85743 86233 154939 207879 223032 255996 260162 382771
323973 327279
7357 184537 184557 184564 184567 184568 184583
70151 358729
106699 106746 307340
191756 395330
208327 328557
6820 167580 182743
6675 16300 16564
140722 449559
6152 25032
24617 268840
455 8170 11274 22737 27414 27977 28001 35295 47618 47630 202622 281516
7047 9143 175511 183384
26959 205875 247378 304747
162596 391588
4925 35648
63759 364387
25119 29596 63952 96741 96743
8994 14896 16564 36668 36669 70351 147955 188416 197330 197332
10827 11850 20318 30108 32262 205791 215008
2033 2823 15340 16411 18224 23980 31413 47170 50547 117583 117612 117658
224212 507582
85322 385671
1969 22725
25052 271176
6427 11794 11881 69536
238851 248435
37194 37206 37347 42998 76223 262070
2711 117306
68674 71489
529281 529283
450081 590709
183581 478760
2224 11943 20707 21140
6460 11853 20676 20790 26801 57949 73311 89364 100918 170096 170321 178821
51846 328208
252738 270326
10844 20509 27260 92258 169004
124747 302979
1613 7634 12631 141375 185664
2224 6475 28221 62592 73403
659664 659669 659670 659671 659672 659673 659674
135 5151 5155
606026 628803 628804 628805 628806 628809
23216 262628
29521 36668
285307 285309
39940 46691 64605 311926 320723 320724
37364 202601 305327
12367 93053 117306
28120 207238
94777 95637
20371 20661 21162 94239 188371 481916
2711 52924 117306
20160 167836 241545 465872 516512 516513
96755 144332
2711 117306
83365 193934
455 8170
3538 24617 40947 136459 141484 172402 177649 268820 268845 268862 268873
7510 10403 14664 88218
4943 146548
32182 220834 293711
96587 293465 407612
349 11845 21782 21828
17400 124311
137168 447193
88655 145595
24812 63848
8648 86758 194993
550693 615308
29698 98195 143320 148206 410475
30128 288382
202329 262070
209 832
285498 536105
8728 50394 60871 60919 326698
55595 63819
5843 173011 173014
27144 279347
87711 389015 574409
928 38299 47552 62604 72438 206653 244112 322154
11818 13500 20564 61316 63322 91015 91779 92700 182350 208629 245146 395157
4921 19516
51367 156131
129899 221981
62131 148267
30427 96166 406802 578984 578985
11901 212840
153223 455518
186731 481157
29757 29818 29832 287312
1168 18026 37597 63425 73218 93803 252432 306521 306523
269985 419793
208269 237999
268802 347678
907 5016 49673 114244 276173
531 1268 28849
124130 168177 169695 212729 292746
3900 4936 13665 70979 81881 118765 130930 135391 135395
211525 349699
96345 149921
275796 368118
313793 547453
73954 74360
286065 536387
19715 51027
74710 245592
2851 117960
21561 33582 96004
63854 212422 350271
75964 101971 116987 126066 207128
18171 18665
617 1168 5060 16680 30263 30289
69742 357298
96584 203866
18397 153688
74683 87470 93803 125587 178743 180962
11885 87914
35462 77322 95433 194400 371881 371893 371896
4422 7597 28896 70622 185697 226636
96678 276292
178709 475200 475201
21785 35742 178216 190090 331437 474638
18563 90981 230238
302308 542637
5807 21487
135234 445560
2173 20061 30191
11415 51340 89259 101850 101971 207127 207133 207134 207135
244799 517975
28925 283871
194533 526741
151073 184977 196346 226995 445975
2711 11850 12644 20906 38471 71601 74690 74708 95511 117306 214342 234332
62229 69773
60424 76737 77266 271082
20085 92005 96114 125695 134095 197632 208482
21951 176070
4191 33801 68028
13202 16256 17063 92340 102395 186176 222575
26585 152987 251219 276038 531863
8406 192005
22670 184894 286078
101657 265302
178102 474485
124796 166573 313758 435586
5915 173299
181365 235018
140488 155501 283083 449433
101953 151243
1013 5825 16173 31570 31890 40877 179522
488918 601379
97414 242040 516806 516807
181874 477447
101575 413916
11885 20875 93584 95867 164883 210437 210477 210486 210516 210529 210555 210557
210 8817 9331
4364 8257
20027 36629 93871 94626 235282 401282
6211 7888 11853 11867 20003 20318 20625
20974 103970 244587
96529 407589
2711 11850 20869 38462 94804 112669 117306 134122 154633
419061 581892
152573 268027 288731
3433 9553 17822 39940 50476 63151 68256 201659 201690 214587 491747
6475 20934 21162 24617 29568 99804 104018
268872 528345
323675 359183 550481
87762 217070 353640 355818 389175 389181 389185
6394 6414 24876 134033 134085 177647 177650
1169 18267 18563 30358 63903
11835 11853 20357 21290 29306
14700 20458
202749 227262
10844 21162 30143 117270
226372 508469
11810 50393
6077 174686
25170 97031 271277
3911 142777 142779
93633 123463 219295
248771 346223
33592 63429 63446 63447 63449 348624
80205 148824
17173 20509 169004
281572 341543
26356 275708 275709 275711 275713 275715 653539
36738 93308 245870 302637 302638
62253 63496 67447 286468
62854 180584 201450 306697
20746 246859 247694
1775 96861 96862 96865
14435 15610 156144 200924 218542 221191 221194
217676 478109
26714 31340
11274 22737 151303 206756
35451 118377
78671 333565
63 5177 5185 5192 5197 5226 56932 141468 141594 166643 168416
12888 27385
156041 215721 501004 587273
11274 84193 139930
124 1401 1581 5796 8076 78657 78658
20886 38550 100716 178165 217053
2033 2273 6139 13515 15340 15716 18784 47882 51735
147030 245775
72433 72499
34697 158292
139048 385136 385259
79035 79834 341933 377754
51782 94804 168003 404250 404255
219475 504199
129603 440417 440418
133149 281972
166904 464991 594950
15559 94635 95041
21205 21310 43946 63295 175408
1161 19320 20059 20632 21295 55545 73271 87086 93803
63427 154717
675 1266 3523 8165 21038 21276 47518 47526 72438 74722 210291 244112
106746 268849
97701 409868
496964 603688
83365 193934
465860 465960
92507 335177
437940 586900
17829 76334
180865 476410
71686 212712
28944 284133 284134 284135
68273 132325
15553 101355
276 3515 133222
126038 390883
92793 235843
3797 19404
11109 30146 43686
256846 467500
85266 161131 392898
293202 539189
27973 28259 277247 281827
2845 28001 197844 489024
95621 293478 326104 406027
167758 349169
349 5564 8200 189993
12504 193401
1884 6409 6480 99792 99802
474729 488847
10679 17284
261006 524563
79111 83378
313965 547722
20369 20660 125022 234965
154636 241708 241713 456352
1811 1859 18209 91485 91569 91580 92327 393644
20528 210319 243341 245011
108090 247459
65664 581473 598731 626976 626977
63890 68197
12307 21264
10191 204280
230703 338316 511292
17838 35997 227710
76865 353529
24978 37536
20596 178747 221237
143720 348652
21162 250293
19320 73271
6382 6475 20875 33928 62592 91353
28120 207238 496008
78751 193755
26827 224331 512452
289530 537807
84393 191654
22854 261562
6402 18834 30228 263496 288433
6428 11946 22690 57217 166672 212203 212209
71207 195238
248622 248633
90490 90509 90995 95837 102916 117550 133084 170357 228057 235726 246417
447298 589822
4778 4800 17723 66022 118817 142133 656097
88673 175670 265291 278208 390739 532591
2017 26714
4221 128864
127493 307236
5873 125535
10005 59684
11815 11828 20458 72453 72503 96360 129587 172265 211263 211264 364310 387488
11810 20143 20982 86154
60295 132512 243221
1418 12859 87941
191158 484299 654469
62580 74936
502654 502669
183755 287353
272794 530383
167966 273822
8618 58623 62368 88601 145260 146284 164663
219096 229111
327204 553299 616926 631208 631210 631211 631213
27709 71774 88113 185483 213521 322231 332852 389937 389944 389945
7073 79691 183699 183712
47702 60509
8564 82004 85839 196469 196475 196476 196478 386340 488017 488021 488095
7877 63321 106828 187197 187198 250122
5136 5502 47704 129394 440224
20080 33587 33598 33620 37578 85927 96587 133753 178826 293465
15586 19516 19546 26714 101620 132677 189525 197813 221403 221412 221418 433402
7682 11274 140495
23348 129899 207525
59674 337285
5059 5074 5088 5098 5116 126102
174611 470809
33935 62558
80047 90627
145828 187290 481319
26255 275593 275595 275597 275600
394801 396065
29676 33935 38557 62558
8618 42471 194080
528 29098 29182 29196 284802
231317 256020
22933 30127 63326 76604 177429
450058 590635
20042 20049 170369
4422 7371 8170 28110 29533 47702 153230 601303
20105 178938
238014 515398
25561 273007
1856 18463 215275
20352 29171 60432
11274 72717
98292 268757 318712 410624 410626
66360 89749 96691
175645 339303
279344 450530
104094 106302 241161 301077
37953 84359
83365 193934
2450 2535 2541 2597 2653 4580 27902 104567 106735 108160 108412
176053 472483
291860 471773
187 242 367 3670 21618 21633 21637 21642 21643 23662
5139 91299
168800 466492
21264 38334 63810 167571
179202 474163 475527 483061
38826 266918 266920 266922 266923 310741 310742
37594 307162
2215 3504 136333 136339 269359
403118 403119
494917 513127 557560 603086 603088 603092
5595 5926 6211 170065 175405
1869 20602 37480 91870 94373 96628 397022
33608 56142 67435 74519 247270 249546 333066
95526 215138 405686
183449 478538
2632 2659 112078
94693 252634 520943
21351 56223
28084 238108 249284
44469 127665 317939
568254 620241
72219 364070
1799 1856 18048 18463 20015 20042 20344 20373 20482 178554 246892
342370 559680 559681
2711 117306
3178 129449 440200
11274 22737
178222 474698
27950 281492
18598 59198 85698 85699
145007 451724
66065 353685
493826 602882
59919 337725
12181 47619
234919 240470
397722 576928
928 38334 60424 72471 72516 72926 77266 189301 225018 365131
93572 214199
675 30949 38501 47516 47557
21039 38550
337878 390563
5036 66065 167005 260907 433615 465047
172980 246201 246228
171473 311619 468482 468483 468484 468485 468488 468489 468491
141110 449749 449750 590578 590580 639622
3981 4049 145007 145236
94870 211600 222419 268877 498000
1934 10778
252476 441764
90866 395000
20509 152650 180742 187649 235355
4925 17975 217020
7879 8203 20563 33619 210219
273156 287942 287944 537273
793 3025 23813 24312 24583 26673 39043 39048
78905 96678 101964
431550 555394
203139 466738 595534 595535 626255
23197 263043
20881 29329
94152 221378
6438 94880
21886 74044
210 543 30292
219324 230949
928 19874 72432 72441 72471 72516 103251 178957 225018 364073
3928 15896 221633
205903 232260
23705 84359 94075 95686 136804
178554 437628
138526 151037
20205 20433 20981 30033 72469 97119 165548 167586 179802 242157
290808 538285 538286
1042 5094
23000 261740 261742
470 5784 18620 28019 58704 173395
95582 235561 240313
22040 257570
7061 183389
190161 483434
17293 224870
528 538 14497 21137 23597 29057 57875 96346 97313 202732 218536 334631
125630 125705 170115 436817
184076 479409 479410 479411
37575 72913 93634 117271 208717 219490
1832 1880 1890 97290
24617 46455 183260 210934 248620
276 4422 28120 66419 207238
106662 170729
10037 21148
49476 49632 325255
2369 2511 2792 63641 106722 106733
16534 330007
194788 260683
25873 28056 274273 274274 274275 274276 274278
77853 94532 401565
130730 441169
20658 92802 240387
210923 214930 497777
25998 37349 125611 288042
7942 98644
1894 15716
69753 93635 400227
341849 559383
261308 495712 507708
112323 113813 426336
9553 201690
214947 500278
2967 118898 176052
11810 92945
455 8170 8706 49687 193456 193457
231737 511771
91585 171641
21123 92117 251270
96669 98325 266595
25774 192357
527345 527346
11853 21080 179244
93640 94164
103954 228860 228877 228903 399932 417637
49806 303950
340370 558694
196918 447020
20879 64067 167932
407595 579235
61000 88368 342497 342500 342501
200118 268038 490568
21017 124418
506348 605917 605920
91989 92304 93186 188174 249320 399055
69318 356751 564598
20357 21290 29306 252115
367 655500
38394 82946
153230 206916
17417 81981 84702 226313 371964
63280 65030 97648 125804 207321
8194 9864 12297
181985 335216
9147 17419
199480 490141
43440 60508
133763 208784
8618 58623 62368 62371
335816 422223
16004 23970
84029 382732
3488 87206
137793 140296
129614 440334
6055 19946 59609 70622 103965 134083 165450 180758 196333
1643 75229 98188 98195 98211
272139 414111
6656 11956 132529 176182 178417 211666
62128 167571
197844 202171
18427 230301
172707 469477 469478
63835 214199 350286
17282 22172 139745
31283 167218
2711 117306 117311
1843 18463 20373
3228 26459 80089 127661 127678
199512 339567 352105 490065 490066 490067 558377
22339 264834
124593 127747 258196 435285
30390 218971
92128 235759
1625 43956
4273 151287
441147 470662 559505
150065 271592 276642
92601 164221 350603
27414 279007
11810 20143 92212
405617 578688
58478 224932
179 5032 5034 5035
562976 619128
30257 288466
83050 184397
811 1259 4422 5036 5502 49681 59560
178494 276176
131059 441539
20080 33587 178826 227922
203116 340710
153122 306821
585 11623
81827 84808
2314 2369 2511 2544 106733
18203 20395
9359 17717 68028 118535
92835 435411
38329 179213
151638 454689 454690 454691 592078
134091 444728 444729
2440 20160 37953 84359 108355 203483
25086 363267
15724 25080 28671 100880 222066 442001
7695 9553 201641
129373 440087
62229 205523
279081 300357
14926 219751 219761
434051 483094
87111 89525
6278 27440
78214 111326
4422 5036 7357 26797 47823 79690 153228 184582 184605
101675 265296
101170 413318
210 3209
60253 292174 339405
60057 93665
24978 93908
1846 4442 91347 93493 93803 94722 96079 98719 152913 172487
29579 286096 457089
80245 274827
315897 451803 586909 591289 591290 591291 591295
349509 365997
217782 245718 248759 287784 519752
124032 222909 266815
116431 219707 428857
59965 225638
400777 577801 577802 622340
124161 434728
182057 352693
51747 328128
11810 21049 93079 176256 187402 210964
127836 218331 241493 439210
194440 487046
36044 139648 199167 301212
2711 11850 18106 29995 117306
278422 532589
28935 87921 218924 338258 350786 355469 361748 480174
13202 16256 25561 92340
78315 304467 373933 543552
21082 27260 30107
197776 488979 488980
20445 51269 96278
20032 20205 20466 20721 30769 178645 243017 243147
90543 271386
94558 148686
73054 192391
12367 93053 117306
96392 407300
18009 27374 29580 33614
89769 164615
5217 170152
90637 296553
148510 151205 377301
81551 135244 205424
20034 20359 96347 210319 245011
320365 320367 467309 467310 550352 550353 550354 550355 550356 550358 550360
68028 355721
188371 481916
20698 68156 107535 178505
66504 354294
63683 73046 103384 200118 268038 490569
20077 20200 29978 30132 90516 97888
325943 325944
36006 272648
3710 137671
211600 268877 498000
85008 105464
217464 320189
5094 166366 464576
12991 91765
231365 411504 413511
29822 29824 29832 29833 29840 29845 30418 30423 30427 30449 183751 287294
20442 30926 48678 219851
24092 28001
11850 18288 20509 30132 51114 63507 70605 72470 93023 132522 242718
38258 60295 132512
24876 101358 208769
38299 93584
190324 483536
174860 204454
174950 362795 545810 615064 615065
23585 30361 42633 181001 181002
33620 295799
21118 30353 35312 37239 37309 48678
22817 35314 45384 260784 273365
22750 172021
11893 20168 25701 25719 198150 205985 246301 454825
859 9348
928 5859 20485 72422 72430 72472 72534 243962 243980
25946 60180 131789 176012 220720 274046 274054 339093 339097 339100 339110 530919
241960 279508 516875 533110
124311 255361
291 17347
6899 7334
20584 228916
2486 104134
74710 92601 367391
122054 388533
26801 63848 206087 210291 403689
40541 312397
284424 535617
18288 211672
545245 615021
197 4422 6807 6899
3081 7984 123494
69794 101353 124311 220437
19956 235058
35772 165441 231068
139883 448967
22750 172021
10553 86238
150065 453985
55417 208501 318242
6474 20482 27260
271150 529600
3981 4049 142190 145007
60773 341898
25096 35969 79649 300952
72463 211140 245308 245309 268860 292960 497718
5915 173299
71061 79073 96552 97020 122827 175596 271592 276642 306165 432523
495365 603201
20298 20396
238192 287159
5136 129394
80453 80863
154 11899
20620 167317 193065 248062
158708 269860
118627 134989 164543
21114 251253
57544 334303
20899 27374 29580 33912 63303
310652 377212 545673
573089 621289
22298 96885
68303 117224
90807 307037
184565 184630
126013 436892 436893 436895 436896
622 141346 287176 499704
11274 22737
20596 20982 21049 21305
139716 449046 590369
380538 571781
11838 20133 20413 20978 32917 38389 38494
20346 21303 27260 30253 215275
114148 427180
27440 91892 95825 96389 276857
27417 33626
14862 219402
349982 562102
460157 591086 593628
433309 433310
73046 133852 200118
20196 20401 37170 37319 62928 84539 215262
1169 21214 64005 64041 91252
20369 20660 234965 241481 241502
20039 20683
22682 22866 207486
94739 107430
5 590 626 678 29686 257319 286538 521325
91375 395797
114382 191809 484841
528 8618 22363 58623 62368 86886 88596 138964
4199 6166 51144 150317
20886 38550
592383 625402 633116
8618 28115 39188 87028 87452 135123 174527 207262 311038 311039 311040 311042
25073 271267
150340 454076
95078 235648
6449 135779
197 6899 7350 7622
6349 38539 174830
3426 11858 132522 206084 208818
37702 129732
38389 208755
72709 92129 96408 136524 178422 341709
176990 473391
5692 171631 171632 468642
48597 323978
122677 432120
30418 30427
237417 515135
62562 73387
258052 434243
20106 21280 36629 63514 235756 251906
20373 37069 115874 240342
24021 25297
24082 89414 166764 259883 259885 271908 439186 455275 523705
88620 265155 325000 360691 360701 390537 526753 526760 526761 526762
50394 60919
79978 86349
212588 343033
442368 588331
88363 287073 536791
7609 185592 321782 642203
20493 97505
61692 174919
28180 63150 133915 220627
3018 30824 123704 123718 203618 434387
174035 378732
434051 483094
78693 473130
34902 90627
44469 58400
8599 38213 307838
212445 235779 514235
1891 43686 92473 100168 167824 167878
188161 213848
190385 291711
5099 21773 165484
20810 64055
231070 231071
71638 363224
6458 63427 123690 123693 132924 176987 180618
9390 22553 134868
28001 281678
306833 306842 544398
11853 70122
212987 243239
70128 103937 177079 417229
414071 535468 580895
13641 21250 30251 92302 96627 176255 216446 367566 409104 445620 472617
156721 458562
151538 226177
185715 377565
638294 638302
2520 2560
24092 28001
25785 214320 268951 499924
413984 450058 471606 590635
7791 186893
1843 99791 203263
3670 7683 186420
4936 7682 9332 33788 68028 80179 89879 118817 136901 137228 149626 153632
20493 20707 73384
60456 68087 85744 386148
23047 26612
93634 117271
25707 273727
28935 28968
928 20318 72433 72489 72516 72524
95230 242886
127836 218331
29682 93514 93533 94193 96902 176709 245024 389844
176712 473061
88964 99854 116449
27414 279007
22631 43126 43152 314773 314776
22798 22804
87149 388427
77375 129395 236113 248291
215046 235775 420250
27414 231516 279007
7371 23086 262536
6483 20458 63379 212582
93813 400740
1189 59221 68293
94093 94532 94533 308440 400935 401565 401566
3078 123525 123530 268743
3525 6258 27417 29580 32104 44584 97483 136168 136171 186329
20357 21290 29306
131223 441626
97657 155868 382448 457534
44612 318106
199202 489985
338904 368248
132098 202177
102237 415296
2694 20837 106803
168806 466662
27581 63270 101620 175762 192968 205169 280238 347168 348703 413440 432613
33377 62128 344191
92377 364327 397861 397863 397864
58180 335490
20038 21162 27807 30949 212643 241972 281160
108114 422617
21021 23190 29990 30888 43387 92535 242310
1455 8706 11274
28120 207238
451650 591134
528501 610938
2711 20509 117306
458367 513078 607421
20620 29379 189609
1843 91980 92215 94374 96285 202529 262259 397670
454885 592139
17951 28906
75847 369865
24082 25331 107511 218974 259899 264957 264970 271907 394875 503541 503732
12443 63995 73356
310064 514089
349 11845 23047
93113 399123
7977 9010 190341 190344 446959
121731 431207
7682 33788 185885
8599 23001 36966 63516 65734 85698 85699 100874 117581 194100 234447 260312
136262 155841 174945
52271 65321 329278
30487 289080 329781
331415 555102
74710 235499
27973 125473
331995 555320
1169 18563 33566 203851
47086 322114
36876 303002
125681 407946
377979 407528 493270 602600
22933 30127 30296 63326 76604 261894 288536
2711 6476 20022 60583 95168 117306 235098 235099
99894 194202 411429 411430 411432
11914 212138
118702 290498
9193 43851 134886 315823 315828
434796 585905
29573 67743
4707 158421
252589 520887
9451 48356
576136 576138
4422 7142 153222 455561
170584 467946
22143 219126
504771 605571
29433 285580
455 18230 651039
124546 435184
61003 75162
9896 48512 101358 239078 255878
24523 64067
20541 20754 20849 49426 125695
13518 21045 94795 97377 216106 249836 465569
5044 5090
9727 87630 202045
423280 582707
1042 5094 8523 79259 166366
22321 258890
79181 93842 258199
29796 87759 97056 133826 219718 268783 368290 385736 408835 408842 408843 444573
76334 307866
21226 123463
12367 154571
197776 488979 488982
17929 20862 30142 38324 221693
158933 441669
22105 167304
129584 440256
214173 499643
4936 7682 9340 17302 33647 33788 80205 149626
6438 21237 21352 30127
23403 157177 183900 185458 383018 458908 458912 458918 458947 478894
59602 92657 251545
64042 96148
29227 284780
372807 569355
40 7701
59612 213885
145007 146831
81816 136661
251379 303592
